SeLockMemoryPrivilege: ENABLED -- SeLockMemoryPrivilege enabled on this process's token
AWE chunk: requested 524288 pages, got 524288. held_mb=2048.0 avail_mb=61062.2
AWE chunk: requested 524288 pages, got 524288. held_mb=4096.0 avail_mb=59021.0
AWE chunk: requested 524288 pages, got 524288. held_mb=6144.0 avail_mb=56969.3
AWE chunk: requested 524288 pages, got 524288. held_mb=8192.0 avail_mb=54918.2
AWE chunk: requested 524288 pages, got 524288. held_mb=10240.0 avail_mb=52865.2
AWE chunk: requested 524288 pages, got 524288. held_mb=12288.0 avail_mb=50815.1
AWE chunk: requested 524288 pages, got 524288. held_mb=14336.0 avail_mb=48763.6
AWE chunk: requested 524288 pages, got 524288. held_mb=16384.0 avail_mb=46713.5
AWE chunk: requested 524288 pages, got 524288. held_mb=18432.0 avail_mb=44661.5
AWE chunk: requested 524288 pages, got 524288. held_mb=20480.0 avail_mb=42610.4
AWE chunk: requested 524288 pages, got 524288. held_mb=22528.0 avail_mb=40551.5
AWE chunk: requested 524288 pages, got 524288. held_mb=24576.0 avail_mb=38504.5
AWE chunk: requested 524288 pages, got 524288. held_mb=26624.0 avail_mb=36452.6
AWE chunk: requested 524288 pages, got 524288. held_mb=28672.0 avail_mb=34400.7
AWE chunk: requested 524288 pages, got 524288. held_mb=30720.0 avail_mb=32350.5
AWE chunk: requested 524288 pages, got 524288. held_mb=32768.0 avail_mb=30298.3
AWE chunk: requested 524288 pages, got 524288. held_mb=34816.0 avail_mb=28246.1
AWE chunk: requested 524288 pages, got 524288. held_mb=36864.0 avail_mb=26194.0
AWE chunk: requested 524288 pages, got 524288. held_mb=38912.0 avail_mb=24141.9
AWE chunk: requested 524288 pages, got 524288. held_mb=40960.0 avail_mb=22089.9
AWE chunk: requested 524288 pages, got 524288. held_mb=43008.0 avail_mb=20037.7
AWE chunk: requested 524288 pages, got 524288. held_mb=45056.0 avail_mb=17985.9
AWE chunk: requested 524288 pages, got 524288. held_mb=47104.0 avail_mb=15933.8
AWE chunk: requested 524288 pages, got 524288. held_mb=49152.0 avail_mb=13882.0
AWE chunk: requested 136431 pages, got 136431. held_mb=49684.9 avail_mb=11830.0
TARGET REACHED (or best effort). mechanism=AWE held_mb=49684.9 available_mb=11293.8 target_available_mb=11297.07
2026-09-29T01:20:38Z,0.0,49684.9,11293.8,,,0.0,0.0,,,,,,0.0
2026-09-29T01:20:43Z,5.0,49684.9,8178.4,,,0.0,0.0,,,,,,0.0
2026-09-29T01:20:48Z,10.0,49684.9,2073.9,,,0.0,0.0,,,,,,0.0
2026-09-29T01:20:53Z,15.0,49684.9,466.0,,,0.0,0.0,,,,,,0.0
2026-09-29T01:20:58Z,20.0,49684.9,689.4,,,0.0,0.0,,,,,,0.0
2026-09-29T01:21:03Z,25.0,49684.9,172.3,,,0.0,0.0,,,,,,0.0
2026-09-29T01:21:08Z,30.0,49684.9,175.0,,,0.0,0.0,,,,,,0.0
2026-09-29T01:21:13Z,35.0,49684.9,57.6,,,0.0,0.0,,,,,,0.0
2026-09-29T01:21:18Z,40.0,49684.9,624.9,,,0.0,0.0,,,,,,0.0
2026-09-29T01:21:23Z,45.0,49684.9,687.7,,,0.0,0.0,,,,,,0.0
2026-09-29T01:21:28Z,50.0,49684.9,683.1,,,0.0,0.0,,,,,,0.0
2026-09-29T01:21:33Z,55.0,49684.9,663.2,,,0.0,0.0,,,,,,0.0
2026-09-29T01:21:38Z,60.0,49684.9,549.7,,,0.0,0.0,,,,,,0.0
2026-09-29T01:21:43Z,65.0,49684.9,453.6,,,0.0,0.0,,,,,,0.0
2026-09-29T01:21:48Z,70.0,49684.9,432.2,,,0.0,0.0,,,,,,0.0
2026-09-29T01:21:53Z,75.0,49684.9,370.3,,,0.0,0.0,,,,,,0.0
2026-09-29T01:21:58Z,80.0,49684.9,378.2,,,0.0,0.0,,,,,,0.0
2026-09-29T01:22:03Z,85.0,49684.9,369.8,,,0.0,0.0,,,,,,0.0
2026-09-29T01:22:08Z,90.0,49684.9,368.7,,,0.0,0.0,,,,,,0.0
2026-09-29T01:22:13Z,95.0,49684.9,373.5,,,0.0,0.0,,,,,,0.0
2026-09-29T01:22:18Z,100.0,49684.9,373.4,,,0.0,0.0,,,,,,0.0
2026-09-29T01:22:23Z,105.0,49684.9,332.1,,,0.0,0.0,,,,,,0.0
2026-09-29T01:22:28Z,110.0,49684.9,312.8,,,0.0,0.0,,,,,,0.0
2026-09-29T01:22:33Z,115.0,49684.9,285.5,,,0.0,0.0,,,,,,0.0
2026-09-29T01:22:38Z,120.0,49684.9,276.0,,,0.0,0.0,,,,,,0.0
2026-09-29T01:22:43Z,125.0,49684.9,249.8,,,0.0,0.0,,,,,,0.0
2026-09-29T01:22:48Z,130.0,49684.9,238.9,,,0.0,0.0,,,,,,0.0
2026-09-29T01:22:53Z,135.0,49684.9,225.7,,,0.0,0.0,,,,,,0.0
2026-09-29T01:22:58Z,140.0,49684.9,247.7,,,0.0,0.0,,,,,,0.0
2026-09-29T01:23:03Z,145.0,49684.9,241.9,,,0.0,0.0,,,,,,0.0
2026-09-29T01:23:08Z,150.0,49684.9,234.9,,,0.0,0.0,,,,,,0.0
2026-09-29T01:23:13Z,155.0,49684.9,235.7,,,0.0,0.0,,,,,,0.0
2026-09-29T01:23:18Z,160.0,49684.9,234.7,,,0.0,0.0,,,,,,0.0
2026-09-29T01:23:23Z,165.0,49684.9,235.0,,,0.0,0.0,,,,,,0.0
2026-09-29T01:23:28Z,170.0,49684.9,220.4,,,0.0,0.0,,,,,,0.0
2026-09-29T01:23:33Z,175.0,49684.9,220.2,,,0.0,0.0,,,,,,0.0
2026-09-29T01:23:38Z,180.0,49684.9,240.1,,,0.0,0.0,,,,,,0.0
2026-09-29T01:23:43Z,185.0,49684.9,235.1,,,0.0,0.0,,,,,,0.0
2026-09-29T01:23:48Z,190.0,49684.9,235.8,,,0.0,0.0,,,,,,0.0
2026-09-29T01:23:53Z,195.0,49684.9,236.2,,,0.0,0.0,,,,,,0.0
2026-09-29T01:23:58Z,200.0,49684.9,224.8,,,0.0,0.0,,,,,,0.0
2026-09-29T01:24:03Z,205.0,49684.9,226.6,,,0.0,0.0,,,,,,0.0
2026-09-29T01:24:08Z,210.0,49684.9,227.1,,,0.0,0.0,,,,,,0.0
2026-09-29T01:24:13Z,215.0,49684.9,233.2,,,0.0,0.0,,,,,,0.0
2026-09-29T01:24:18Z,220.0,49684.9,234.6,,,0.0,0.0,,,,,,0.0
2026-09-29T01:24:23Z,225.0,49684.9,234.9,,,0.0,0.0,,,,,,0.0
2026-09-29T01:24:28Z,230.0,49684.9,234.5,,,0.0,0.0,,,,,,0.0
2026-09-29T01:24:33Z,235.0,49684.9,236.2,,,0.0,0.0,,,,,,0.0
2026-09-29T01:24:38Z,240.0,49684.9,245.8,,,0.0,0.0,,,,,,0.0
2026-09-29T01:24:43Z,245.0,49684.9,246.3,,,0.0,0.0,,,,,,0.0
2026-09-29T01:24:48Z,250.0,49684.9,236.2,,,0.0,0.0,,,,,,0.0
2026-09-29T01:24:53Z,255.0,49684.9,240.6,,,0.0,0.0,,,,,,0.0
2026-09-29T01:24:58Z,260.0,49684.9,240.5,,,0.0,0.0,,,,,,0.0
2026-09-29T01:25:03Z,265.0,49684.9,242.2,,,0.0,0.0,,,,,,0.0
2026-09-29T01:25:08Z,270.0,49684.9,241.5,,,0.0,0.0,,,,,,0.0
2026-09-29T01:25:13Z,275.0,49684.9,241.2,,,0.0,0.0,,,,,,0.0
2026-09-29T01:25:18Z,280.0,49684.9,240.6,,,0.0,0.0,,,,,,0.0
2026-09-29T01:25:23Z,285.1,49684.9,247.1,,,0.0,0.0,,,,,,0.0
2026-09-29T01:25:28Z,290.1,49684.9,245.7,,,0.0,0.0,,,,,,0.0
2026-09-29T01:25:33Z,295.1,49684.9,245.8,,,0.0,0.0,,,,,,0.0
2026-09-29T01:25:38Z,300.1,49684.9,251.8,,,0.0,0.0,,,,,,0.0
2026-09-29T01:25:43Z,305.1,49684.9,239.3,,,0.0,0.0,,,,,,0.0
2026-09-29T01:25:48Z,310.1,49684.9,239.5,,,0.0,0.0,,,,,,0.0
2026-09-29T01:25:53Z,315.1,49684.9,240.2,,,0.0,0.0,,,,,,0.0
2026-09-29T01:25:58Z,320.1,49684.9,239.6,,,0.0,0.0,,,,,,0.0
2026-09-29T01:26:03Z,325.1,49684.9,233.4,,,0.0,0.0,,,,,,0.0
2026-09-29T01:26:08Z,330.1,49684.9,230.5,,,0.0,0.0,,,,,,0.0
2026-09-29T01:26:13Z,335.1,49684.9,230.6,,,0.0,0.0,,,,,,0.0
2026-09-29T01:26:18Z,340.1,49684.9,230.2,,,0.0,0.0,,,,,,0.0
2026-09-29T01:26:23Z,345.1,49684.9,230.7,,,0.0,0.0,,,,,,0.0
2026-09-29T01:26:28Z,350.1,49684.9,230.4,,,0.0,0.0,,,,,,0.0
2026-09-29T01:26:33Z,355.1,49684.9,231.8,,,0.0,0.0,,,,,,0.0
2026-09-29T01:26:38Z,360.1,49684.9,240.9,,,0.0,0.0,,,,,,0.0
2026-09-29T01:26:43Z,365.1,49684.9,238.5,,,0.0,0.0,,,,,,0.0
2026-09-29T01:26:48Z,370.1,49684.9,238.0,,,0.0,0.0,,,,,,0.0
2026-09-29T01:26:53Z,375.1,49684.9,238.3,,,0.0,0.0,,,,,,0.0
2026-09-29T01:26:58Z,380.1,49684.9,231.8,,,0.0,0.0,,,,,,0.0
2026-09-29T01:27:03Z,385.1,49684.9,224.6,,,0.0,0.0,,,,,,0.0
2026-09-29T01:27:08Z,390.1,49684.9,224.8,,,0.0,0.0,,,,,,0.0
2026-09-29T01:27:13Z,395.1,49684.9,225.8,,,0.0,0.0,,,,,,0.0
2026-09-29T01:27:18Z,400.1,49684.9,226.0,,,0.0,0.0,,,,,,0.0
2026-09-29T01:27:23Z,405.1,49684.9,227.1,,,0.0,0.0,,,,,,0.0
2026-09-29T01:27:28Z,410.1,49684.9,224.2,,,0.0,0.0,,,,,,0.0
2026-09-29T01:27:33Z,415.1,49684.9,225.4,,,0.0,0.0,,,,,,0.0
2026-09-29T01:27:38Z,420.1,49684.9,238.0,,,0.0,0.0,,,,,,0.0
2026-09-29T01:27:43Z,425.1,49684.9,233.2,,,0.0,0.0,,,,,,0.0
2026-09-29T01:27:48Z,430.1,49684.9,232.8,,,0.0,0.0,,,,,,0.0
2026-09-29T01:27:53Z,435.1,49684.9,228.4,,,0.0,0.0,,,,,,0.0
2026-09-29T01:27:58Z,440.1,49684.9,230.7,,,0.0,0.0,,,,,,0.0
2026-09-29T01:28:03Z,445.1,49684.9,232.2,,,0.0,0.0,,,,,,0.0
2026-09-29T01:28:08Z,450.1,49684.9,233.4,,,0.0,0.0,,,,,,0.0
2026-09-29T01:28:13Z,455.1,49684.9,233.8,,,0.0,0.0,,,,,,0.0
2026-09-29T01:28:18Z,460.1,49684.9,235.6,,,0.0,0.0,,,,,,0.0
2026-09-29T01:28:23Z,465.1,49684.9,231.9,,,0.0,0.0,,,,,,0.0
2026-09-29T01:28:28Z,470.1,49684.9,233.0,,,0.0,0.0,,,,,,0.0
2026-09-29T01:28:33Z,475.1,49684.9,235.7,,,0.0,0.0,,,,,,0.0
2026-09-29T01:28:38Z,480.1,49684.9,246.4,,,0.0,0.0,,,,,,0.0
2026-09-29T01:28:43Z,485.1,49684.9,240.4,,,0.0,0.0,,,,,,0.0
2026-09-29T01:28:48Z,490.1,49684.9,238.6,,,0.0,0.0,,,,,,0.0
2026-09-29T01:28:53Z,495.1,49684.9,242.8,,,0.0,0.0,,,,,,0.0
2026-09-29T01:28:58Z,500.1,49684.9,242.3,,,0.0,0.0,,,,,,0.0
2026-09-29T01:29:03Z,505.1,49684.9,246.4,,,0.0,0.0,,,,,,0.0
2026-09-29T01:29:08Z,510.1,49684.9,247.8,,,0.0,0.0,,,,,,0.0
2026-09-29T01:29:13Z,515.1,49684.9,240.6,,,0.0,0.0,,,,,,0.0
2026-09-29T01:29:18Z,520.1,49684.9,241.6,,,0.0,0.0,,,,,,0.0
2026-09-29T01:29:23Z,525.1,49684.9,242.4,,,0.0,0.0,,,,,,0.0
2026-09-29T01:29:28Z,530.1,49684.9,242.2,,,0.0,0.0,,,,,,0.0
2026-09-29T01:29:33Z,535.1,49684.9,243.0,,,0.0,0.0,,,,,,0.0
2026-09-29T01:29:38Z,540.1,49684.9,235.0,,,0.0,0.0,,,,,,0.0
2026-09-29T01:29:43Z,545.1,49684.9,236.9,,,0.0,0.0,,,,,,0.0
2026-09-29T01:29:48Z,550.1,49684.9,238.0,,,0.0,0.0,,,,,,0.0
2026-09-29T01:29:53Z,555.1,49684.9,239.0,,,0.0,0.0,,,,,,0.0
2026-09-29T01:29:58Z,560.1,49684.9,239.5,,,0.0,0.0,,,,,,0.0
2026-09-29T01:30:03Z,565.1,49684.9,237.1,,,0.0,0.0,,,,,,0.0
2026-09-29T01:30:08Z,570.1,49684.9,238.1,,,0.0,0.0,,,,,,0.0
2026-09-29T01:30:13Z,575.1,49684.9,237.4,,,0.0,0.0,,,,,,0.0
2026-09-29T01:30:18Z,580.1,49684.9,238.1,,,0.0,0.0,,,,,,0.0
2026-09-29T01:30:23Z,585.1,49684.9,238.9,,,0.0,0.0,,,,,,0.0
2026-09-29T01:30:28Z,590.1,49684.9,240.1,,,0.0,0.0,,,,,,0.0
2026-09-29T01:30:33Z,595.1,49684.9,237.7,,,0.0,0.0,,,,,,0.0
2026-09-29T01:30:38Z,600.1,49684.9,249.6,,,0.0,0.0,,,,,,0.0
2026-09-29T01:30:43Z,605.1,49684.9,245.9,,,0.0,0.0,,,,,,0.0
2026-09-29T01:30:48Z,610.1,49684.9,245.3,,,0.0,0.0,,,,,,0.0
2026-09-29T01:30:53Z,615.1,49684.9,246.1,,,0.0,0.0,,,,,,0.0
2026-09-29T01:30:58Z,620.1,49684.9,236.3,,,0.0,0.0,,,,,,0.0
2026-09-29T01:31:03Z,625.1,49684.9,237.8,,,0.0,0.0,,,,,,0.0
2026-09-29T01:31:08Z,630.1,49684.9,237.8,,,0.0,0.0,,,,,,0.0
2026-09-29T01:31:13Z,635.1,49684.9,238.2,,,0.0,0.0,,,,,,0.0
2026-09-29T01:31:18Z,640.1,49684.9,241.9,,,0.0,0.0,,,,,,0.0
2026-09-29T01:31:23Z,645.1,49684.9,239.6,,,0.0,0.0,,,,,,0.0
2026-09-29T01:31:28Z,650.1,49684.9,238.4,,,0.0,0.0,,,,,,0.0
2026-09-29T01:31:33Z,655.1,49684.9,238.2,,,0.0,0.0,,,,,,0.0
2026-09-29T01:31:38Z,660.1,49684.9,248.5,,,0.0,0.0,,,,,,0.0
2026-09-29T01:31:43Z,665.1,49684.9,243.0,,,0.0,0.0,,,,,,0.0
2026-09-29T01:31:48Z,670.1,49684.9,234.6,,,0.0,0.0,,,,,,0.0
2026-09-29T01:31:53Z,675.1,49684.9,234.7,,,0.0,0.0,,,,,,0.0
2026-09-29T01:31:58Z,680.1,49684.9,234.6,,,0.0,0.0,,,,,,0.0
2026-09-29T01:32:03Z,685.1,49684.9,234.7,,,0.0,0.0,,,,,,0.0
2026-09-29T01:32:08Z,690.1,49684.9,743.5,,,0.0,0.0,,,,,,0.0
2026-09-29T01:32:13Z,695.1,49684.9,433.4,,,0.0,0.0,,,,,,0.0
2026-09-29T01:32:18Z,700.1,49684.9,513.2,,,0.0,0.0,,,,,,0.0
2026-09-29T01:32:23Z,705.1,49684.9,687.8,,,0.0,0.0,,,,,,0.0
2026-09-29T01:32:28Z,710.1,49684.9,660.9,,,0.0,0.0,,,,,,0.0
2026-09-29T01:32:33Z,715.1,49684.9,641.7,,,0.0,0.0,,,,,,0.0
2026-09-29T01:32:38Z,720.1,49684.9,602.9,,,0.0,0.0,,,,,,0.0
2026-09-29T01:32:43Z,725.1,49684.9,509.7,,,0.0,0.0,,,,,,0.0
2026-09-29T01:32:48Z,730.1,49684.9,512.7,,,0.0,0.0,,,,,,0.0
2026-09-29T01:32:53Z,735.1,49684.9,515.2,,,0.0,0.0,,,,,,0.0
2026-09-29T01:32:58Z,740.2,49684.9,518.9,,,0.0,0.0,,,,,,0.0
2026-09-29T01:33:03Z,745.2,49684.9,500.7,,,0.0,0.0,,,,,,0.0
2026-09-29T01:33:08Z,750.2,49684.9,481.2,,,0.0,0.0,,,,,,0.0
2026-09-29T01:33:13Z,755.2,49684.9,482.0,,,0.0,0.0,,,,,,0.0
2026-09-29T01:33:18Z,760.2,49684.9,474.0,,,0.0,0.0,,,,,,0.0
2026-09-29T01:33:23Z,765.2,49684.9,474.8,,,0.0,0.0,,,,,,0.0
2026-09-29T01:33:28Z,770.2,49684.9,472.2,,,0.0,0.0,,,,,,0.0
2026-09-29T01:33:33Z,775.2,49684.9,514.9,,,0.0,0.0,,,,,,0.0
2026-09-29T01:33:38Z,780.2,49684.9,603.7,,,0.0,0.0,,,,,,0.0
2026-09-29T01:33:43Z,785.2,49684.9,406.1,,,0.0,0.0,,,,,,0.0
2026-09-29T01:33:48Z,790.2,49684.9,688.5,,,0.0,0.0,,,,,,0.0
2026-09-29T01:33:53Z,795.2,49684.9,662.7,,,0.0,0.0,,,,,,0.0
2026-09-29T01:33:58Z,800.2,49684.9,632.9,,,0.0,0.0,,,,,,0.0
2026-09-29T01:34:03Z,805.2,49684.9,527.5,,,0.0,0.0,,,,,,0.0
2026-09-29T01:34:08Z,810.2,49684.9,523.5,,,0.0,0.0,,,,,,0.0
2026-09-29T01:34:13Z,815.2,49684.9,511.8,,,0.0,0.0,,,,,,0.0
2026-09-29T01:34:18Z,820.2,49684.9,514.0,,,0.0,0.0,,,,,,0.0
2026-09-29T01:34:23Z,825.2,49684.9,501.2,,,0.0,0.0,,,,,,0.0
2026-09-29T01:34:28Z,830.2,49684.9,486.7,,,0.0,0.0,,,,,,0.0
2026-09-29T01:34:33Z,835.2,49684.9,486.8,,,0.0,0.0,,,,,,0.0
2026-09-29T01:34:38Z,840.2,49684.9,494.1,,,0.0,0.0,,,,,,0.0
2026-09-29T01:34:43Z,845.2,49684.9,490.5,,,0.0,0.0,,,,,,0.0
2026-09-29T01:34:48Z,850.2,49684.9,485.7,,,0.0,0.0,,,,,,0.0
2026-09-29T01:34:53Z,855.2,49684.9,476.4,,,0.0,0.0,,,,,,0.0
2026-09-29T01:34:58Z,860.2,49684.9,248.5,,,0.0,0.0,,,,,,0.0
2026-09-29T01:35:03Z,865.2,49684.9,632.0,,,0.0,0.0,,,,,,0.0
2026-09-29T01:35:08Z,870.2,49684.9,404.3,,,0.0,0.0,,,,,,0.0
2026-09-29T01:35:13Z,875.2,49684.9,542.7,,,0.0,0.0,,,,,,0.0
2026-09-29T01:35:18Z,880.2,49684.9,648.1,,,0.0,0.0,,,,,,0.0
2026-09-29T01:35:23Z,885.2,49684.9,619.2,,,0.0,0.0,,,,,,0.0
2026-09-29T01:35:28Z,890.2,49684.9,513.1,,,0.0,0.0,,,,,,0.0
2026-09-29T01:35:33Z,895.2,49684.9,515.5,,,0.0,0.0,,,,,,0.0
2026-09-29T01:35:38Z,900.2,49684.9,527.3,,,0.0,0.0,,,,,,0.0
2026-09-29T01:35:43Z,905.2,49684.9,514.1,,,0.0,0.0,,,,,,0.0
2026-09-29T01:35:48Z,910.2,49684.9,514.8,,,0.0,0.0,,,,,,0.0
2026-09-29T01:35:53Z,915.2,49684.9,485.8,,,0.0,0.0,,,,,,0.0
2026-09-29T01:35:58Z,920.2,49684.9,485.1,,,0.0,0.0,,,,,,0.0
2026-09-29T01:36:03Z,925.2,49684.9,478.7,,,0.0,0.0,,,,,,0.0
2026-09-29T01:36:08Z,930.2,49684.9,477.6,,,0.0,0.0,,,,,,0.0
2026-09-29T01:36:13Z,935.2,49684.9,477.2,,,0.0,0.0,,,,,,0.0
2026-09-29T01:36:18Z,940.2,49684.9,477.9,,,0.0,0.0,,,,,,0.0
2026-09-29T01:36:23Z,945.2,49684.9,615.2,,,0.0,0.0,,,,,,0.0
2026-09-29T01:36:28Z,950.2,49684.9,430.2,,,0.0,0.0,,,,,,0.0
2026-09-29T01:36:33Z,955.2,49684.9,485.0,,,0.0,0.0,,,,,,0.0
2026-09-29T01:36:38Z,960.2,49684.9,584.4,,,0.0,0.0,,,,,,0.0
2026-09-29T01:36:43Z,965.2,49684.9,597.9,,,0.0,0.0,,,,,,0.0
2026-09-29T01:36:48Z,970.2,49684.9,495.6,,,0.0,0.0,,,,,,0.0
2026-09-29T01:36:53Z,975.2,49684.9,487.8,,,0.0,0.0,,,,,,0.0
2026-09-29T01:36:58Z,980.2,49684.9,463.2,,,0.0,0.0,,,,,,0.0
2026-09-29T01:37:03Z,985.2,49684.9,457.6,,,0.0,0.0,,,,,,0.0
2026-09-29T01:37:08Z,990.2,49684.9,459.1,,,0.0,0.0,,,,,,0.0
2026-09-29T01:37:13Z,995.2,49684.9,456.9,,,0.0,0.0,,,,,,0.0
2026-09-29T01:37:18Z,1000.2,49684.9,444.3,,,0.0,0.0,,,,,,0.0
2026-09-29T01:37:23Z,1005.2,49684.9,446.3,,,0.0,0.0,,,,,,0.0
2026-09-29T01:37:28Z,1010.2,49684.9,434.2,,,0.0,0.0,,,,,,0.0
2026-09-29T01:37:33Z,1015.2,49684.9,434.7,,,0.0,0.0,,,,,,0.0
2026-09-29T01:37:38Z,1020.2,49684.9,432.9,,,0.0,0.0,,,,,,0.0
2026-09-29T01:37:43Z,1025.2,49684.9,416.7,,,0.0,0.0,,,,,,0.0
2026-09-29T01:37:48Z,1030.2,49684.9,367.5,,,0.0,0.0,,,,,,0.0
2026-09-29T01:37:53Z,1035.2,49684.9,555.1,,,0.0,0.0,,,,,,0.0
2026-09-29T01:37:58Z,1040.2,49684.9,412.1,,,0.0,0.0,,,,,,0.0
2026-09-29T01:38:03Z,1045.2,49684.9,658.4,,,0.0,0.0,,,,,,0.0
2026-09-29T01:38:08Z,1050.2,49684.9,608.8,,,0.0,0.0,,,,,,0.0
2026-09-29T01:38:13Z,1055.2,49684.9,586.4,,,0.0,0.0,,,,,,0.0
2026-09-29T01:38:18Z,1060.2,49684.9,580.1,,,0.0,0.0,,,,,,0.0
2026-09-29T01:38:23Z,1065.2,49684.9,582.3,,,0.0,0.0,,,,,,0.0
2026-09-29T01:38:28Z,1070.2,49684.9,557.6,,,0.0,0.0,,,,,,0.0
2026-09-29T01:38:33Z,1075.2,49684.9,555.6,,,0.0,0.0,,,,,,0.0
2026-09-29T01:38:38Z,1080.2,49684.9,553.8,,,0.0,0.0,,,,,,0.0
2026-09-29T01:38:43Z,1085.2,49684.9,551.9,,,0.0,0.0,,,,,,0.0
2026-09-29T01:38:48Z,1090.2,49684.9,547.3,,,0.0,0.0,,,,,,0.0
2026-09-29T01:38:53Z,1095.2,49684.9,551.2,,,0.0,0.0,,,,,,0.0
2026-09-29T01:38:58Z,1100.2,49684.9,11707.2,,,0.0,0.0,,,,,,0.0
