SeLockMemoryPrivilege: ENABLED -- SeLockMemoryPrivilege enabled on this process's token
AWE chunk: requested 524288 pages, got 524288. held_mb=2048.0 avail_mb=32145.4
AWE chunk: requested 524288 pages, got 524288. held_mb=4096.0 avail_mb=30086.2
AWE chunk: requested 524288 pages, got 524288. held_mb=6144.0 avail_mb=28042.5
AWE chunk: requested 524288 pages, got 524288. held_mb=8192.0 avail_mb=25988.4
TARGET REACHED (or best effort). mechanism=AWE held_mb=8192.0 available_mb=23942.4 target_available_mb=23742.65396118164
2026-10-05T07:27:51Z,0.0,8192.0,23942.3,,,0.0,0.0,,,,,,0.0
2026-10-05T07:27:56Z,5.0,8192.0,23935.1,,,0.0,0.0,,,,,,0.0
2026-10-05T07:28:01Z,10.0,8192.0,23934.6,,,0.0,0.0,,,,,,0.0
2026-10-05T07:28:06Z,15.0,8192.0,23935.0,,,0.0,0.0,,,,,,0.0
2026-10-05T07:28:11Z,20.0,8192.0,23935.6,,,0.0,0.0,,,,,,0.0
2026-10-05T07:28:16Z,25.0,8192.0,23934.9,,,0.0,0.0,,,,,,0.0
2026-10-05T07:28:21Z,30.0,8192.0,23934.7,,,0.0,0.0,,,,,,0.0
2026-10-05T07:28:26Z,35.0,8192.0,23935.4,,,0.0,0.0,,,,,,0.0
2026-10-05T07:28:31Z,40.0,8192.0,23937.1,,,0.0,0.0,,,,,,0.0
2026-10-05T07:28:36Z,45.0,8192.0,23937.5,,,0.0,0.0,,,,,,0.0
2026-10-05T07:28:41Z,50.0,8192.0,23938.0,,,0.0,0.0,,,,,,0.0
2026-10-05T07:28:46Z,55.0,8192.0,23938.9,,,0.0,0.0,,,,,,0.0
2026-10-05T07:28:51Z,60.0,8192.0,23939.7,,,0.0,0.0,,,,,,0.0
2026-10-05T07:28:56Z,65.0,8192.0,23936.9,,,0.0,0.0,,,,,,0.0
2026-10-05T07:29:01Z,70.0,8192.0,23936.8,,,0.0,0.0,,,,,,0.0
2026-10-05T07:29:06Z,75.0,8192.0,23937.1,,,0.0,0.0,,,,,,0.0
2026-10-05T07:29:11Z,80.0,8192.0,23936.4,,,0.0,0.0,,,,,,0.0
2026-10-05T07:29:16Z,85.0,8192.0,23943.6,,,0.0,0.0,,,,,,0.0
2026-10-05T07:29:21Z,90.0,8192.0,23942.7,,,0.0,0.0,,,,,,0.0
2026-10-05T07:29:26Z,95.0,8192.0,23945.8,,,0.0,0.0,,,,,,0.0
2026-10-05T07:29:31Z,100.0,8192.0,23947.7,,,0.0,0.0,,,,,,0.0
2026-10-05T07:29:36Z,105.0,8192.0,23945.8,,,0.0,0.0,,,,,,0.0
2026-10-05T07:29:41Z,110.0,8192.0,23945.7,,,0.0,0.0,,,,,,0.0
2026-10-05T07:29:46Z,115.0,8192.0,23945.3,,,0.0,0.0,,,,,,0.0
2026-10-05T07:29:51Z,120.0,8192.0,23945.6,,,0.0,0.0,,,,,,0.0
2026-10-05T07:29:56Z,125.0,8192.0,23940.9,,,0.0,0.0,,,,,,0.0
2026-10-05T07:30:01Z,130.0,8192.0,23943.3,,,0.0,0.0,,,,,,0.0
2026-10-05T07:30:06Z,135.0,8192.0,23942.8,,,0.0,0.0,,,,,,0.0
2026-10-05T07:30:11Z,140.0,8192.0,23943.9,,,0.0,0.0,,,,,,0.0
2026-10-05T07:30:16Z,145.0,8192.0,23944.1,,,0.0,0.0,,,,,,0.0
2026-10-05T07:30:21Z,150.0,8192.0,23944.3,,,0.0,0.0,,,,,,0.0
2026-10-05T07:30:26Z,155.0,8192.0,23947.8,,,0.0,0.0,,,,,,0.0
2026-10-05T07:30:31Z,160.0,8192.0,23948.4,,,0.0,0.0,,,,,,0.0
2026-10-05T07:30:36Z,165.0,8192.0,23948.5,,,0.0,0.0,,,,,,0.0
2026-10-05T07:30:41Z,170.0,8192.0,23948.7,,,0.0,0.0,,,,,,0.0
2026-10-05T07:30:46Z,175.0,8192.0,23950.2,,,0.0,0.0,,,,,,0.0
2026-10-05T07:30:51Z,180.0,8192.0,23949.2,,,0.0,0.0,,,,,,0.0
2026-10-05T07:30:56Z,185.0,8192.0,23942.4,,,0.0,0.0,,,,,,0.0
2026-10-05T07:31:01Z,190.0,8192.0,23924.7,,,0.0,0.0,,,,,,0.0
2026-10-05T07:31:06Z,195.0,8192.0,23925.2,,,0.0,0.0,,,,,,0.0
2026-10-05T07:31:11Z,200.0,8192.0,23940.1,,,0.0,0.0,,,,,,0.0
2026-10-05T07:31:16Z,205.0,8192.0,23933.2,,,0.0,0.0,,,,,,0.0
2026-10-05T07:31:21Z,210.0,8192.0,23931.9,,,0.0,0.0,,,,,,0.0
2026-10-05T07:31:26Z,215.0,8192.0,23933.7,,,0.0,0.0,,,,,,0.0
2026-10-05T07:31:31Z,220.0,8192.0,23934.6,,,0.0,0.0,,,,,,0.0
2026-10-05T07:31:36Z,225.0,8192.0,23940.7,,,0.0,0.0,,,,,,0.0
2026-10-05T07:31:41Z,230.0,8192.0,23940.0,,,0.0,0.0,,,,,,0.0
2026-10-05T07:31:46Z,235.0,8192.0,23939.7,,,0.0,0.0,,,,,,0.0
2026-10-05T07:31:51Z,240.0,8192.0,23938.8,,,0.0,0.0,,,,,,0.0
2026-10-05T07:31:56Z,245.0,8192.0,23934.5,,,0.0,0.0,,,,,,0.0
2026-10-05T07:32:01Z,250.0,8192.0,23933.7,,,0.0,0.0,,,,,,0.0
2026-10-05T07:32:06Z,255.0,8192.0,23932.5,,,0.0,0.0,,,,,,0.0
2026-10-05T07:32:11Z,260.0,8192.0,23932.8,,,0.0,0.0,,,,,,0.0
2026-10-05T07:32:16Z,265.0,8192.0,23940.9,,,0.0,0.0,,,,,,0.0
2026-10-05T07:32:21Z,270.0,8192.0,23941.2,,,0.0,0.0,,,,,,0.0
2026-10-05T07:32:26Z,275.0,8192.0,23939.9,,,0.0,0.0,,,,,,0.0
2026-10-05T07:32:31Z,280.0,8192.0,23944.3,,,0.0,0.0,,,,,,0.0
2026-10-05T07:32:36Z,285.0,8192.0,23944.7,,,0.0,0.0,,,,,,0.0
2026-10-05T07:32:41Z,290.0,8192.0,23944.6,,,0.0,0.0,,,,,,0.0
2026-10-05T07:32:46Z,295.1,8192.0,23945.8,,,0.0,0.0,,,,,,0.0
2026-10-05T07:32:51Z,300.1,8192.0,23946.0,,,0.0,0.0,,,,,,0.0
2026-10-05T07:32:56Z,305.1,8192.0,23939.1,,,0.0,0.0,,,,,,0.0
2026-10-05T07:33:01Z,310.1,8192.0,23939.0,,,0.0,0.0,,,,,,0.0
2026-10-05T07:33:06Z,315.1,8192.0,23940.3,,,0.0,0.0,,,,,,0.0
2026-10-05T07:33:11Z,320.1,8192.0,23942.6,,,0.0,0.0,,,,,,0.0
2026-10-05T07:33:16Z,325.1,8192.0,23943.3,,,0.0,0.0,,,,,,0.0
2026-10-05T07:33:21Z,330.1,8192.0,23942.6,,,0.0,0.0,,,,,,0.0
2026-10-05T07:33:26Z,335.1,8192.0,23945.3,,,0.0,0.0,,,,,,0.0
2026-10-05T07:33:31Z,340.1,8192.0,23945.8,,,0.0,0.0,,,,,,0.0
2026-10-05T07:33:36Z,345.1,8192.0,23946.2,,,0.0,0.0,,,,,,0.0
2026-10-05T07:33:41Z,350.1,8192.0,23920.0,,,0.0,0.0,,,,,,0.0
2026-10-05T07:33:46Z,355.1,8192.0,23944.8,,,0.0,0.0,,,,,,0.0
2026-10-05T07:33:51Z,360.1,8192.0,23945.0,,,0.0,0.0,,,,,,0.0
2026-10-05T07:33:56Z,365.1,8192.0,23940.0,,,0.0,0.0,,,,,,0.0
2026-10-05T07:34:01Z,370.1,8192.0,23941.0,,,0.0,0.0,,,,,,0.0
2026-10-05T07:34:06Z,375.1,8192.0,23940.9,,,0.0,0.0,,,,,,0.0
2026-10-05T07:34:11Z,380.1,8192.0,23941.4,,,0.0,0.0,,,,,,0.0
2026-10-05T07:34:16Z,385.1,8192.0,23942.6,,,0.0,0.0,,,,,,0.0
2026-10-05T07:34:21Z,390.1,8192.0,23942.1,,,0.0,0.0,,,,,,0.0
2026-10-05T07:34:26Z,395.1,8192.0,23945.6,,,0.0,0.0,,,,,,0.0
2026-10-05T07:34:31Z,400.1,8192.0,23947.2,,,0.0,0.0,,,,,,0.0
2026-10-05T07:34:36Z,405.1,8192.0,23948.1,,,0.0,0.0,,,,,,0.0
2026-10-05T07:34:41Z,410.1,8192.0,23947.8,,,0.0,0.0,,,,,,0.0
2026-10-05T07:34:46Z,415.1,8192.0,23948.2,,,0.0,0.0,,,,,,0.0
2026-10-05T07:34:51Z,420.1,8192.0,23948.2,,,0.0,0.0,,,,,,0.0
2026-10-05T07:34:56Z,425.1,8192.0,23943.7,,,0.0,0.0,,,,,,0.0
2026-10-05T07:35:01Z,430.1,8192.0,23941.5,,,0.0,0.0,,,,,,0.0
2026-10-05T07:35:06Z,435.1,8192.0,23940.4,,,0.0,0.0,,,,,,0.0
2026-10-05T07:35:11Z,440.1,8192.0,23942.0,,,0.0,0.0,,,,,,0.0
2026-10-05T07:35:16Z,445.1,8192.0,23941.1,,,0.0,0.0,,,,,,0.0
2026-10-05T07:35:21Z,450.1,8192.0,23940.1,,,0.0,0.0,,,,,,0.0
2026-10-05T07:35:26Z,455.1,8192.0,23941.4,,,0.0,0.0,,,,,,0.0
2026-10-05T07:35:31Z,460.1,8192.0,23941.3,,,0.0,0.0,,,,,,0.0
2026-10-05T07:35:36Z,465.1,8192.0,23941.4,,,0.0,0.0,,,,,,0.0
2026-10-05T07:35:41Z,470.1,8192.0,23942.0,,,0.0,0.0,,,,,,0.0
2026-10-05T07:35:46Z,475.1,8192.0,23943.1,,,0.0,0.0,,,,,,0.0
2026-10-05T07:35:51Z,480.1,8192.0,23941.6,,,0.0,0.0,,,,,,0.0
2026-10-05T07:35:56Z,485.1,8192.0,23937.1,,,0.0,0.0,,,,,,0.0
2026-10-05T07:36:01Z,490.1,8192.0,23935.7,,,0.0,0.0,,,,,,0.0
2026-10-05T07:36:06Z,495.1,8192.0,23936.7,,,0.0,0.0,,,,,,0.0
2026-10-05T07:36:11Z,500.1,8192.0,23937.1,,,0.0,0.0,,,,,,0.0
2026-10-05T07:36:16Z,505.1,8192.0,23938.1,,,0.0,0.0,,,,,,0.0
2026-10-05T07:36:21Z,510.1,8192.0,23938.3,,,0.0,0.0,,,,,,0.0
2026-10-05T07:36:26Z,515.1,8192.0,23943.1,,,0.0,0.0,,,,,,0.0
2026-10-05T07:36:31Z,520.1,8192.0,23944.1,,,0.0,0.0,,,,,,0.0
2026-10-05T07:36:36Z,525.1,8192.0,23944.5,,,0.0,0.0,,,,,,0.0
2026-10-05T07:36:41Z,530.1,8192.0,23945.0,,,0.0,0.0,,,,,,0.0
2026-10-05T07:36:46Z,535.1,8192.0,23945.8,,,0.0,0.0,,,,,,0.0
2026-10-05T07:36:51Z,540.1,8192.0,23945.7,,,0.0,0.0,,,,,,0.0
2026-10-05T07:36:56Z,545.1,8192.0,23940.2,,,0.0,0.0,,,,,,0.0
2026-10-05T07:37:01Z,550.1,8192.0,23932.3,,,0.0,0.0,,,,,,0.0
2026-10-05T07:37:06Z,555.1,8192.0,23933.0,,,0.0,0.0,,,,,,0.0
2026-10-05T07:37:11Z,560.1,8192.0,23932.4,,,0.0,0.0,,,,,,0.0
2026-10-05T07:37:16Z,565.1,8192.0,23939.9,,,0.0,0.0,,,,,,0.0
2026-10-05T07:37:21Z,570.1,8192.0,23935.5,,,0.0,0.0,,,,,,0.0
2026-10-05T07:37:26Z,575.1,8192.0,23940.5,,,0.0,0.0,,,,,,0.0
2026-10-05T07:37:31Z,580.1,8192.0,23942.2,,,0.0,0.0,,,,,,0.0
2026-10-05T07:37:36Z,585.1,8192.0,23941.1,,,0.0,0.0,,,,,,0.0
2026-10-05T07:37:41Z,590.1,8192.0,23941.3,,,0.0,0.0,,,,,,0.0
2026-10-05T07:37:46Z,595.1,8192.0,23943.1,,,0.0,0.0,,,,,,0.0
2026-10-05T07:37:51Z,600.1,8192.0,23942.6,,,0.0,0.0,,,,,,0.0
2026-10-05T07:37:56Z,605.1,8192.0,23938.1,,,0.0,0.0,,,,,,0.0
2026-10-05T07:38:01Z,610.1,8192.0,23938.3,,,0.0,0.0,,,,,,0.0
2026-10-05T07:38:06Z,615.1,8192.0,23938.5,,,0.0,0.0,,,,,,0.0
2026-10-05T07:38:11Z,620.1,8192.0,23937.9,,,0.0,0.0,,,,,,0.0
2026-10-05T07:38:16Z,625.1,8192.0,23939.3,,,0.0,0.0,,,,,,0.0
2026-10-05T07:38:21Z,630.1,8192.0,23938.9,,,0.0,0.0,,,,,,0.0
2026-10-05T07:38:26Z,635.1,8192.0,23940.2,,,0.0,0.0,,,,,,0.0
2026-10-05T07:38:31Z,640.1,8192.0,23941.1,,,0.0,0.0,,,,,,0.0
2026-10-05T07:38:36Z,645.1,8192.0,23943.4,,,0.0,0.0,,,,,,0.0
2026-10-05T07:38:41Z,650.1,8192.0,23944.2,,,0.0,0.0,,,,,,0.0
2026-10-05T07:38:46Z,655.1,8192.0,23944.2,,,0.0,0.0,,,,,,0.0
2026-10-05T07:38:51Z,660.1,8192.0,23944.7,,,0.0,0.0,,,,,,0.0
2026-10-05T07:38:56Z,665.1,8192.0,23938.3,,,0.0,0.0,,,,,,0.0
2026-10-05T07:39:01Z,670.1,8192.0,23937.3,,,0.0,0.0,,,,,,0.0
2026-10-05T07:39:06Z,675.1,8192.0,23938.9,,,0.0,0.0,,,,,,0.0
2026-10-05T07:39:11Z,680.1,8192.0,23939.7,,,0.0,0.0,,,,,,0.0
2026-10-05T07:39:16Z,685.1,8192.0,23938.7,,,0.0,0.0,,,,,,0.0
2026-10-05T07:39:21Z,690.1,8192.0,23938.7,,,0.0,0.0,,,,,,0.0
2026-10-05T07:39:26Z,695.1,8192.0,23940.5,,,0.0,0.0,,,,,,0.0
2026-10-05T07:39:31Z,700.1,8192.0,23942.9,,,0.0,0.0,,,,,,0.0
2026-10-05T07:39:36Z,705.1,8192.0,23945.4,,,0.0,0.0,,,,,,0.0
2026-10-05T07:39:41Z,710.1,8192.0,23943.9,,,0.0,0.0,,,,,,0.0
2026-10-05T07:39:46Z,715.1,8192.0,23944.0,,,0.0,0.0,,,,,,0.0
2026-10-05T07:39:51Z,720.1,8192.0,23942.2,,,0.0,0.0,,,,,,0.0
2026-10-05T07:39:56Z,725.1,8192.0,23937.6,,,0.0,0.0,,,,,,0.0
2026-10-05T07:40:01Z,730.1,8192.0,23937.5,,,0.0,0.0,,,,,,0.0
2026-10-05T07:40:06Z,735.1,8192.0,23937.9,,,0.0,0.0,,,,,,0.0
2026-10-05T07:40:11Z,740.1,8192.0,23937.5,,,0.0,0.0,,,,,,0.0
2026-10-05T07:40:16Z,745.1,8192.0,23938.2,,,0.0,0.0,,,,,,0.0
2026-10-05T07:40:21Z,750.1,8192.0,23937.0,,,0.0,0.0,,,,,,0.0
2026-10-05T07:40:26Z,755.1,8192.0,23938.7,,,0.0,0.0,,,,,,0.0
2026-10-05T07:40:31Z,760.1,8192.0,23940.6,,,0.0,0.0,,,,,,0.0
2026-10-05T07:40:36Z,765.1,8192.0,23940.4,,,0.0,0.0,,,,,,0.0
2026-10-05T07:40:41Z,770.1,8192.0,23941.1,,,0.0,0.0,,,,,,0.0
2026-10-05T07:40:46Z,775.1,8192.0,23941.1,,,0.0,0.0,,,,,,0.0
2026-10-05T07:40:51Z,780.1,8192.0,23941.9,,,0.0,0.0,,,,,,0.0
2026-10-05T07:40:56Z,785.1,8192.0,23936.9,,,0.0,0.0,,,,,,0.0
2026-10-05T07:41:01Z,790.1,8192.0,23937.2,,,0.0,0.0,,,,,,0.0
2026-10-05T07:41:06Z,795.1,8192.0,23935.5,,,0.0,0.0,,,,,,0.0
2026-10-05T07:41:11Z,800.1,8192.0,23936.6,,,0.0,0.0,,,,,,0.0
2026-10-05T07:41:16Z,805.1,8192.0,23928.8,,,0.0,0.0,,,,,,0.0
2026-10-05T07:41:21Z,810.1,8192.0,23934.2,,,0.0,0.0,,,,,,0.0
2026-10-05T07:41:26Z,815.1,8192.0,23937.6,,,0.0,0.0,,,,,,0.0
2026-10-05T07:41:31Z,820.1,8192.0,23939.8,,,0.0,0.0,,,,,,0.0
2026-10-05T07:41:36Z,825.1,8192.0,23936.3,,,0.0,0.0,,,,,,0.0
