SeLockMemoryPrivilege: ENABLED -- SeLockMemoryPrivilege enabled on this process's token
AWE chunk: requested 524288 pages, got 524288. held_mb=2048.0 avail_mb=32141.8
AWE chunk: requested 524288 pages, got 524288. held_mb=4096.0 avail_mb=30088.7
AWE chunk: requested 524288 pages, got 524288. held_mb=6144.0 avail_mb=28039.8
AWE chunk: requested 524288 pages, got 524288. held_mb=8192.0 avail_mb=25988.0
AWE chunk: requested 524288 pages, got 524288. held_mb=10240.0 avail_mb=23936.8
TARGET REACHED (or best effort). mechanism=AWE held_mb=10240.0 available_mb=21885.9 target_available_mb=21694.65396118164
2026-10-05T07:55:24Z,0.0,10240.0,21885.9,,,0.0,0.0,,,,,,0.0
2026-10-05T07:55:29Z,5.0,10240.0,21880.3,,,0.0,0.0,,,,,,0.0
2026-10-05T07:55:34Z,10.0,10240.0,21879.6,,,0.0,0.0,,,,,,0.0
2026-10-05T07:55:39Z,15.0,10240.0,21880.0,,,0.0,0.0,,,,,,0.0
2026-10-05T07:55:44Z,20.0,10240.0,21878.7,,,0.0,0.0,,,,,,0.0
2026-10-05T07:55:49Z,25.0,10240.0,21878.9,,,0.0,0.0,,,,,,0.0
2026-10-05T07:55:54Z,30.0,10240.0,21871.4,,,0.0,0.0,,,,,,0.0
2026-10-05T07:55:59Z,35.0,10240.0,21872.8,,,0.0,0.0,,,,,,0.0
2026-10-05T07:56:04Z,40.0,10240.0,21871.8,,,0.0,0.0,,,,,,0.0
2026-10-05T07:56:09Z,45.0,10240.0,21872.2,,,0.0,0.0,,,,,,0.0
2026-10-05T07:56:14Z,50.0,10240.0,21872.8,,,0.0,0.0,,,,,,0.0
2026-10-05T07:56:19Z,55.0,10240.0,21873.0,,,0.0,0.0,,,,,,0.0
2026-10-05T07:56:24Z,60.0,10240.0,21876.9,,,0.0,0.0,,,,,,0.0
2026-10-05T07:56:29Z,65.0,10240.0,21878.8,,,0.0,0.0,,,,,,0.0
2026-10-05T07:56:34Z,70.0,10240.0,21878.9,,,0.0,0.0,,,,,,0.0
2026-10-05T07:56:39Z,75.0,10240.0,21880.3,,,0.0,0.0,,,,,,0.0
2026-10-05T07:56:44Z,80.0,10240.0,21876.3,,,0.0,0.0,,,,,,0.0
2026-10-05T07:56:49Z,85.0,10240.0,21881.6,,,0.0,0.0,,,,,,0.0
2026-10-05T07:56:54Z,90.0,10240.0,21878.8,,,0.0,0.0,,,,,,0.0
2026-10-05T07:56:59Z,95.0,10240.0,21878.8,,,0.0,0.0,,,,,,0.0
2026-10-05T07:57:04Z,100.0,10240.0,21879.1,,,0.0,0.0,,,,,,0.0
2026-10-05T07:57:09Z,105.0,10240.0,21879.0,,,0.0,0.0,,,,,,0.0
2026-10-05T07:57:14Z,110.0,10240.0,21878.8,,,0.0,0.0,,,,,,0.0
2026-10-05T07:57:19Z,115.0,10240.0,21862.6,,,0.0,0.0,,,,,,0.0
2026-10-05T07:57:24Z,120.0,10240.0,21874.1,,,0.0,0.0,,,,,,0.0
2026-10-05T07:57:29Z,125.0,10240.0,21875.0,,,0.0,0.0,,,,,,0.0
2026-10-05T07:57:34Z,130.0,10240.0,21876.0,,,0.0,0.0,,,,,,0.0
2026-10-05T07:57:39Z,135.0,10240.0,21877.2,,,0.0,0.0,,,,,,0.0
2026-10-05T07:57:44Z,140.0,10240.0,21878.6,,,0.0,0.0,,,,,,0.0
2026-10-05T07:57:49Z,145.0,10240.0,21884.2,,,0.0,0.0,,,,,,0.0
2026-10-05T07:57:54Z,150.0,10240.0,21880.2,,,0.0,0.0,,,,,,0.0
2026-10-05T07:57:59Z,155.0,10240.0,21881.3,,,0.0,0.0,,,,,,0.0
2026-10-05T07:58:04Z,160.0,10240.0,21880.6,,,0.0,0.0,,,,,,0.0
2026-10-05T07:58:09Z,165.0,10240.0,21880.3,,,0.0,0.0,,,,,,0.0
2026-10-05T07:58:14Z,170.0,10240.0,21881.6,,,0.0,0.0,,,,,,0.0
2026-10-05T07:58:19Z,175.0,10240.0,21880.7,,,0.0,0.0,,,,,,0.0
2026-10-05T07:58:24Z,180.0,10240.0,21883.7,,,0.0,0.0,,,,,,0.0
2026-10-05T07:58:29Z,185.0,10240.0,21883.9,,,0.0,0.0,,,,,,0.0
2026-10-05T07:58:34Z,190.0,10240.0,21885.9,,,0.0,0.0,,,,,,0.0
2026-10-05T07:58:39Z,195.0,10240.0,21885.5,,,0.0,0.0,,,,,,0.0
2026-10-05T07:58:44Z,200.0,10240.0,21736.2,,,0.0,0.0,,,,,,0.0
2026-10-05T07:58:49Z,205.0,10240.0,21844.8,,,0.0,0.0,,,,,,0.0
2026-10-05T07:58:54Z,210.0,10240.0,21854.8,,,0.0,0.0,,,,,,0.0
2026-10-05T07:58:59Z,215.0,10240.0,21854.1,,,0.0,0.0,,,,,,0.0
2026-10-05T07:59:04Z,220.0,10240.0,21854.1,,,0.0,0.0,,,,,,0.0
2026-10-05T07:59:09Z,225.0,10240.0,21854.1,,,0.0,0.0,,,,,,0.0
2026-10-05T07:59:14Z,230.0,10240.0,21873.6,,,0.0,0.0,,,,,,0.0
2026-10-05T07:59:19Z,235.0,10240.0,21875.3,,,0.0,0.0,,,,,,0.0
2026-10-05T07:59:24Z,240.0,10240.0,21878.7,,,0.0,0.0,,,,,,0.0
2026-10-05T07:59:29Z,245.0,10240.0,21830.4,,,0.0,0.0,,,,,,0.0
2026-10-05T07:59:34Z,250.0,10240.0,21837.1,,,0.0,0.0,,,,,,0.0
2026-10-05T07:59:39Z,255.0,10240.0,21838.7,,,0.0,0.0,,,,,,0.0
2026-10-05T07:59:44Z,260.0,10240.0,21842.5,,,0.0,0.0,,,,,,0.0
2026-10-05T07:59:49Z,265.0,10240.0,21841.4,,,0.0,0.0,,,,,,0.0
2026-10-05T07:59:54Z,270.0,10240.0,21836.3,,,0.0,0.0,,,,,,0.0
2026-10-05T07:59:59Z,275.0,10240.0,21832.9,,,0.0,0.0,,,,,,0.0
2026-10-05T08:00:04Z,280.0,10240.0,21815.4,,,0.0,0.0,,,,,,0.0
2026-10-05T08:00:09Z,285.0,10240.0,21827.9,,,0.0,0.0,,,,,,0.0
2026-10-05T08:00:14Z,290.0,10240.0,21828.8,,,0.0,0.0,,,,,,0.0
2026-10-05T08:00:19Z,295.0,10240.0,21829.8,,,0.0,0.0,,,,,,0.0
2026-10-05T08:00:24Z,300.0,10240.0,21834.1,,,0.0,0.0,,,,,,0.0
2026-10-05T08:00:29Z,305.0,10240.0,21834.2,,,0.0,0.0,,,,,,0.0
2026-10-05T08:00:34Z,310.0,10240.0,21835.4,,,0.0,0.0,,,,,,0.0
2026-10-05T08:00:39Z,315.0,10240.0,21840.8,,,0.0,0.0,,,,,,0.0
2026-10-05T08:00:44Z,320.0,10240.0,21842.2,,,0.0,0.0,,,,,,0.0
2026-10-05T08:00:49Z,325.0,10240.0,21842.0,,,0.0,0.0,,,,,,0.0
2026-10-05T08:00:54Z,330.1,10240.0,21838.0,,,0.0,0.0,,,,,,0.0
2026-10-05T08:00:59Z,335.1,10240.0,21838.6,,,0.0,0.0,,,,,,0.0
2026-10-05T08:01:04Z,340.1,10240.0,21838.3,,,0.0,0.0,,,,,,0.0
2026-10-05T08:01:09Z,345.1,10240.0,21844.4,,,0.0,0.0,,,,,,0.0
2026-10-05T08:01:14Z,350.1,10240.0,21843.0,,,0.0,0.0,,,,,,0.0
2026-10-05T08:01:19Z,355.1,10240.0,21843.4,,,0.0,0.0,,,,,,0.0
2026-10-05T08:01:24Z,360.1,10240.0,21845.2,,,0.0,0.0,,,,,,0.0
2026-10-05T08:01:29Z,365.1,10240.0,21845.4,,,0.0,0.0,,,,,,0.0
2026-10-05T08:01:34Z,370.1,10240.0,21847.5,,,0.0,0.0,,,,,,0.0
2026-10-05T08:01:39Z,375.1,10240.0,21847.9,,,0.0,0.0,,,,,,0.0
2026-10-05T08:01:44Z,380.1,10240.0,21847.3,,,0.0,0.0,,,,,,0.0
2026-10-05T08:01:49Z,385.1,10240.0,21847.7,,,0.0,0.0,,,,,,0.0
2026-10-05T08:01:54Z,390.1,10240.0,21842.1,,,0.0,0.0,,,,,,0.0
2026-10-05T08:01:59Z,395.1,10240.0,21842.5,,,0.0,0.0,,,,,,0.0
2026-10-05T08:02:04Z,400.1,10240.0,21844.3,,,0.0,0.0,,,,,,0.0
2026-10-05T08:02:09Z,405.1,10240.0,21845.6,,,0.0,0.0,,,,,,0.0
2026-10-05T08:02:14Z,410.1,10240.0,21837.5,,,0.0,0.0,,,,,,0.0
2026-10-05T08:02:19Z,415.1,10240.0,21837.4,,,0.0,0.0,,,,,,0.0
2026-10-05T08:02:24Z,420.1,10240.0,21838.6,,,0.0,0.0,,,,,,0.0
2026-10-05T08:02:29Z,425.1,10240.0,21839.7,,,0.0,0.0,,,,,,0.0
2026-10-05T08:02:34Z,430.1,10240.0,21841.3,,,0.0,0.0,,,,,,0.0
2026-10-05T08:02:39Z,435.1,10240.0,21840.8,,,0.0,0.0,,,,,,0.0
2026-10-05T08:02:44Z,440.1,10240.0,21841.6,,,0.0,0.0,,,,,,0.0
2026-10-05T08:02:49Z,445.1,10240.0,21841.2,,,0.0,0.0,,,,,,0.0
2026-10-05T08:02:54Z,450.1,10240.0,21835.2,,,0.0,0.0,,,,,,0.0
2026-10-05T08:02:59Z,455.1,10240.0,21834.3,,,0.0,0.0,,,,,,0.0
2026-10-05T08:03:04Z,460.1,10240.0,21834.6,,,0.0,0.0,,,,,,0.0
2026-10-05T08:03:09Z,465.1,10240.0,21835.5,,,0.0,0.0,,,,,,0.0
2026-10-05T08:03:14Z,470.1,10240.0,21842.7,,,0.0,0.0,,,,,,0.0
2026-10-05T08:03:19Z,475.1,10240.0,21844.3,,,0.0,0.0,,,,,,0.0
2026-10-05T08:03:24Z,480.1,10240.0,21845.8,,,0.0,0.0,,,,,,0.0
2026-10-05T08:03:29Z,485.1,10240.0,21852.2,,,0.0,0.0,,,,,,0.0
2026-10-05T08:03:34Z,490.1,10240.0,21853.2,,,0.0,0.0,,,,,,0.0
2026-10-05T08:03:39Z,495.1,10240.0,21831.0,,,0.0,0.0,,,,,,0.0
2026-10-05T08:03:44Z,500.1,10240.0,21849.4,,,0.0,0.0,,,,,,0.0
2026-10-05T08:03:49Z,505.1,10240.0,21850.7,,,0.0,0.0,,,,,,0.0
2026-10-05T08:03:54Z,510.1,10240.0,21845.6,,,0.0,0.0,,,,,,0.0
2026-10-05T08:03:59Z,515.1,10240.0,21846.3,,,0.0,0.0,,,,,,0.0
2026-10-05T08:04:04Z,520.1,10240.0,21845.3,,,0.0,0.0,,,,,,0.0
2026-10-05T08:04:09Z,525.1,10240.0,21845.0,,,0.0,0.0,,,,,,0.0
2026-10-05T08:04:14Z,530.1,10240.0,21845.5,,,0.0,0.0,,,,,,0.0
2026-10-05T08:04:19Z,535.1,10240.0,21845.9,,,0.0,0.0,,,,,,0.0
2026-10-05T08:04:24Z,540.1,10240.0,21847.5,,,0.0,0.0,,,,,,0.0
2026-10-05T08:04:29Z,545.1,10240.0,21854.3,,,0.0,0.0,,,,,,0.0
2026-10-05T08:04:34Z,550.1,10240.0,21855.2,,,0.0,0.0,,,,,,0.0
2026-10-05T08:04:39Z,555.1,10240.0,21855.6,,,0.0,0.0,,,,,,0.0
2026-10-05T08:04:44Z,560.1,10240.0,21855.3,,,0.0,0.0,,,,,,0.0
2026-10-05T08:04:49Z,565.1,10240.0,21855.9,,,0.0,0.0,,,,,,0.0
2026-10-05T08:04:54Z,570.1,10240.0,21849.4,,,0.0,0.0,,,,,,0.0
2026-10-05T08:04:59Z,575.1,10240.0,21847.1,,,0.0,0.0,,,,,,0.0
2026-10-05T08:05:04Z,580.1,10240.0,21846.9,,,0.0,0.0,,,,,,0.0
2026-10-05T08:05:09Z,585.1,10240.0,21836.2,,,0.0,0.0,,,,,,0.0
2026-10-05T08:05:14Z,590.1,10240.0,21835.0,,,0.0,0.0,,,,,,0.0
2026-10-05T08:05:19Z,595.1,10240.0,21510.0,,,0.0,0.0,,,,,,0.0
2026-10-05T08:05:24Z,600.1,10240.0,21438.0,,,0.0,0.0,,,,,,0.0
2026-10-05T08:05:29Z,605.1,10240.0,21261.1,,,0.0,0.0,,,,,,0.0
2026-10-05T08:05:34Z,610.1,10240.0,20861.9,,,0.0,0.0,,,,,,0.0
2026-10-05T08:05:39Z,615.1,10240.0,20688.7,,,0.0,0.0,,,,,,0.0
2026-10-05T08:05:44Z,620.1,10240.0,20688.1,,,0.0,0.0,,,,,,0.0
2026-10-05T08:05:49Z,625.1,10240.0,20699.3,,,0.0,0.0,,,,,,0.0
2026-10-05T08:05:54Z,630.1,10240.0,20661.3,,,0.0,0.0,,,,,,0.0
2026-10-05T08:05:59Z,635.1,10240.0,20679.2,,,0.0,0.0,,,,,,0.0
2026-10-05T08:06:04Z,640.1,10240.0,20668.2,,,0.0,0.0,,,,,,0.0
2026-10-05T08:06:09Z,645.1,10240.0,20658.2,,,0.0,0.0,,,,,,0.0
2026-10-05T08:06:14Z,650.1,10240.0,20752.3,,,0.0,0.0,,,,,,0.0
2026-10-05T08:06:19Z,655.1,10240.0,20770.1,,,0.0,0.0,,,,,,0.0
2026-10-05T08:06:24Z,660.1,10240.0,20765.4,,,0.0,0.0,,,,,,0.0
2026-10-05T08:06:29Z,665.1,10240.0,20756.2,,,0.0,0.0,,,,,,0.0
2026-10-05T08:06:34Z,670.1,10240.0,20753.0,,,0.0,0.0,,,,,,0.0
2026-10-05T08:06:39Z,675.1,10240.0,20753.5,,,0.0,0.0,,,,,,0.0
2026-10-05T08:06:44Z,680.1,10240.0,20757.9,,,0.0,0.0,,,,,,0.0
2026-10-05T08:06:49Z,685.1,10240.0,20742.8,,,0.0,0.0,,,,,,0.0
2026-10-05T08:06:54Z,690.1,10240.0,20740.4,,,0.0,0.0,,,,,,0.0
2026-10-05T08:06:59Z,695.1,10240.0,20697.1,,,0.0,0.0,,,,,,0.0
2026-10-05T08:07:04Z,700.1,10240.0,20711.0,,,0.0,0.0,,,,,,0.0
2026-10-05T08:07:09Z,705.1,10240.0,20714.6,,,0.0,0.0,,,,,,0.0
2026-10-05T08:07:14Z,710.1,10240.0,20723.9,,,0.0,0.0,,,,,,0.0
2026-10-05T08:07:19Z,715.1,10240.0,20653.2,,,0.0,0.0,,,,,,0.0
2026-10-05T08:07:24Z,720.1,10240.0,20722.4,,,0.0,0.0,,,,,,0.0
2026-10-05T08:07:29Z,725.1,10240.0,20719.3,,,0.0,0.0,,,,,,0.0
2026-10-05T08:07:34Z,730.1,10240.0,20733.4,,,0.0,0.0,,,,,,0.0
2026-10-05T08:07:39Z,735.1,10240.0,20732.4,,,0.0,0.0,,,,,,0.0
2026-10-05T08:07:44Z,740.1,10240.0,20735.3,,,0.0,0.0,,,,,,0.0
2026-10-05T08:07:49Z,745.1,10240.0,20756.4,,,0.0,0.0,,,,,,0.0
2026-10-05T08:07:54Z,750.1,10240.0,20754.0,,,0.0,0.0,,,,,,0.0
2026-10-05T08:07:59Z,755.1,10240.0,20753.7,,,0.0,0.0,,,,,,0.0
2026-10-05T08:08:04Z,760.1,10240.0,20758.2,,,0.0,0.0,,,,,,0.0
2026-10-05T08:08:09Z,765.1,10240.0,20768.2,,,0.0,0.0,,,,,,0.0
2026-10-05T08:08:14Z,770.1,10240.0,20765.8,,,0.0,0.0,,,,,,0.0
2026-10-05T08:08:19Z,775.1,10240.0,20752.1,,,0.0,0.0,,,,,,0.0
2026-10-05T08:08:24Z,780.1,10240.0,20764.9,,,0.0,0.0,,,,,,0.0
2026-10-05T08:08:29Z,785.1,10240.0,20769.2,,,0.0,0.0,,,,,,0.0
2026-10-05T08:08:34Z,790.1,10240.0,20768.5,,,0.0,0.0,,,,,,0.0
2026-10-05T08:08:39Z,795.1,10240.0,20773.6,,,0.0,0.0,,,,,,0.0
2026-10-05T08:08:44Z,800.1,10240.0,20771.9,,,0.0,0.0,,,,,,0.0
2026-10-05T08:08:49Z,805.1,10240.0,20769.4,,,0.0,0.0,,,,,,0.0
2026-10-05T08:08:54Z,810.1,10240.0,20738.6,,,0.0,0.0,,,,,,0.0
2026-10-05T08:08:59Z,815.1,10240.0,20738.0,,,0.0,0.0,,,,,,0.0
