SeLockMemoryPrivilege: ENABLED -- SeLockMemoryPrivilege enabled on this process's token
AWE chunk: requested 524288 pages, got 524288. held_mb=2048.0 avail_mb=61485.7
AWE chunk: requested 524288 pages, got 524288. held_mb=4096.0 avail_mb=59442.7
AWE chunk: requested 524288 pages, got 524288. held_mb=6144.0 avail_mb=57391.0
AWE chunk: requested 524288 pages, got 524288. held_mb=8192.0 avail_mb=55339.0
AWE chunk: requested 524288 pages, got 524288. held_mb=10240.0 avail_mb=53287.1
AWE chunk: requested 524288 pages, got 524288. held_mb=12288.0 avail_mb=51234.8
AWE chunk: requested 524288 pages, got 524288. held_mb=14336.0 avail_mb=49178.8
AWE chunk: requested 524288 pages, got 524288. held_mb=16384.0 avail_mb=47128.2
AWE chunk: requested 524288 pages, got 524288. held_mb=18432.0 avail_mb=45079.6
AWE chunk: requested 524288 pages, got 524288. held_mb=20480.0 avail_mb=43028.2
AWE chunk: requested 524288 pages, got 524288. held_mb=22528.0 avail_mb=40976.1
AWE chunk: requested 524288 pages, got 524288. held_mb=24576.0 avail_mb=38926.5
AWE chunk: requested 524288 pages, got 524288. held_mb=26624.0 avail_mb=36873.2
AWE chunk: requested 524288 pages, got 524288. held_mb=28672.0 avail_mb=34788.9
AWE chunk: requested 524288 pages, got 524288. held_mb=30720.0 avail_mb=32714.7
AWE chunk: requested 524288 pages, got 524288. held_mb=32768.0 avail_mb=30658.6
AWE chunk: requested 524288 pages, got 524288. held_mb=34816.0 avail_mb=28605.4
AWE chunk: requested 524288 pages, got 524288. held_mb=36864.0 avail_mb=26553.6
AWE chunk: requested 524288 pages, got 524288. held_mb=38912.0 avail_mb=24501.6
AWE chunk: requested 524288 pages, got 524288. held_mb=40960.0 avail_mb=22449.3
AWE chunk: requested 524288 pages, got 524288. held_mb=43008.0 avail_mb=20397.3
AWE chunk: requested 524288 pages, got 524288. held_mb=45056.0 avail_mb=18346.6
AWE chunk: requested 524288 pages, got 524288. held_mb=47104.0 avail_mb=16292.8
AWE chunk: requested 524288 pages, got 524288. held_mb=49152.0 avail_mb=14238.8
AWE chunk: requested 524288 pages, got 524288. held_mb=51200.0 avail_mb=12185.8
AWE chunk: requested 524288 pages, got 524288. held_mb=53248.0 avail_mb=10167.6
AWE chunk: requested 233666 pages, got 233666. held_mb=54160.8 avail_mb=8126.0
TARGET REACHED (or best effort). mechanism=AWE held_mb=54160.8 available_mb=7214.7 target_available_mb=7213.200000000001
2026-09-28T23:09:22Z,0.0,54160.8,7214.7,,,0.0,0.0,,,,,,0.0
2026-09-28T23:09:27Z,5.0,54160.8,16.7,,,0.0,0.0,,,,,,0.0
2026-09-28T23:09:32Z,10.0,54160.8,75.3,,,0.0,0.0,,,,,,0.0
2026-09-28T23:09:37Z,15.0,54160.8,156.3,,,0.0,0.0,,,,,,0.0
2026-09-28T23:09:42Z,20.0,54160.8,158.0,,,0.0,0.0,,,,,,0.0
2026-09-28T23:09:47Z,25.0,54160.8,246.4,,,0.0,0.0,,,,,,0.0
2026-09-28T23:09:52Z,30.0,54160.8,240.2,,,0.0,0.0,,,,,,0.0
2026-09-28T23:09:57Z,35.0,54160.8,186.8,,,0.0,0.0,,,,,,0.0
2026-09-28T23:10:02Z,40.0,54160.8,280.0,,,0.0,0.0,,,,,,0.0
2026-09-28T23:10:07Z,45.0,54160.8,204.2,,,0.0,0.0,,,,,,0.0
2026-09-28T23:10:12Z,50.0,54160.8,197.2,,,0.0,0.0,,,,,,0.0
2026-09-28T23:10:17Z,55.0,54160.8,95.3,,,0.0,0.0,,,,,,0.0
2026-09-28T23:10:22Z,60.0,54160.8,289.5,,,0.0,0.0,,,,,,0.0
2026-09-28T23:10:27Z,65.0,54160.8,260.4,,,0.0,0.0,,,,,,0.0
2026-09-28T23:10:32Z,70.0,54160.8,228.1,,,0.0,0.0,,,,,,0.0
2026-09-28T23:10:37Z,75.0,54160.8,214.9,,,0.0,0.0,,,,,,0.0
2026-09-28T23:10:42Z,80.0,54160.8,288.2,,,0.0,0.0,,,,,,0.0
2026-09-28T23:10:47Z,85.1,54160.8,284.4,,,0.0,0.0,,,,,,0.0
2026-09-28T23:10:52Z,90.1,54160.8,264.4,,,0.0,0.0,,,,,,0.0
2026-09-28T23:10:57Z,95.1,54160.8,232.9,,,0.0,0.0,,,,,,0.0
2026-09-28T23:11:02Z,100.1,54160.8,213.2,,,0.0,0.0,,,,,,0.0
2026-09-28T23:11:07Z,105.1,54160.8,231.5,,,0.0,0.0,,,,,,0.0
2026-09-28T23:11:12Z,110.1,54160.8,190.1,,,0.0,0.0,,,,,,0.0
2026-09-28T23:11:17Z,115.1,54160.8,292.1,,,0.0,0.0,,,,,,0.0
2026-09-28T23:11:22Z,120.1,54160.8,259.5,,,0.0,0.0,,,,,,0.0
2026-09-28T23:11:27Z,125.1,54160.8,280.6,,,0.0,0.0,,,,,,0.0
2026-09-28T23:11:32Z,130.1,54160.8,141.6,,,0.0,0.0,,,,,,0.0
2026-09-28T23:11:37Z,135.1,54160.8,280.1,,,0.0,0.0,,,,,,0.0
2026-09-28T23:11:42Z,140.1,54160.8,286.1,,,0.0,0.0,,,,,,0.0
2026-09-28T23:11:47Z,145.1,54160.8,205.3,,,0.0,0.0,,,,,,0.0
2026-09-28T23:11:52Z,150.1,54160.8,142.3,,,0.0,0.0,,,,,,0.0
2026-09-28T23:11:57Z,155.1,54160.8,260.3,,,0.0,0.0,,,,,,0.0
2026-09-28T23:12:02Z,160.1,54160.8,215.9,,,0.0,0.0,,,,,,0.0
2026-09-28T23:12:07Z,165.1,54160.8,131.5,,,0.0,0.0,,,,,,0.0
2026-09-28T23:12:12Z,170.1,54160.8,251.0,,,0.0,0.0,,,,,,0.0
2026-09-28T23:12:17Z,175.1,54160.8,224.7,,,0.0,0.0,,,,,,0.0
2026-09-28T23:12:22Z,180.1,54160.8,205.1,,,0.0,0.0,,,,,,0.0
2026-09-28T23:12:27Z,185.1,54160.8,217.6,,,0.0,0.0,,,,,,0.0
2026-09-28T23:12:32Z,190.1,54160.8,193.3,,,0.0,0.0,,,,,,0.0
2026-09-28T23:12:37Z,195.1,54160.8,199.1,,,0.0,0.0,,,,,,0.0
2026-09-28T23:12:42Z,200.1,54160.8,120.5,,,0.0,0.0,,,,,,0.0
2026-09-28T23:12:47Z,205.2,54160.8,242.9,,,0.0,0.0,,,,,,0.0
2026-09-28T23:12:52Z,210.2,54160.8,212.9,,,0.0,0.0,,,,,,0.0
2026-09-28T23:12:57Z,215.2,54160.8,218.8,,,0.0,0.0,,,,,,0.0
2026-09-28T23:13:02Z,220.2,54160.8,203.4,,,0.0,0.0,,,,,,0.0
2026-09-28T23:13:07Z,225.2,54160.8,188.3,,,0.0,0.0,,,,,,0.0
2026-09-28T23:13:12Z,230.2,54160.8,192.2,,,0.0,0.0,,,,,,0.0
2026-09-28T23:13:17Z,235.2,54160.8,139.5,,,0.0,0.0,,,,,,0.0
2026-09-28T23:13:22Z,240.2,54160.8,205.6,,,0.0,0.0,,,,,,0.0
2026-09-28T23:13:27Z,245.2,54160.8,286.8,,,0.0,0.0,,,,,,0.0
2026-09-28T23:13:32Z,250.2,54160.8,209.4,,,0.0,0.0,,,,,,0.0
2026-09-28T23:13:37Z,255.2,54160.8,235.6,,,0.0,0.0,,,,,,0.0
2026-09-28T23:13:42Z,260.2,54160.8,117.0,,,0.0,0.0,,,,,,0.0
2026-09-28T23:13:47Z,265.2,54160.8,282.6,,,0.0,0.0,,,,,,0.0
2026-09-28T23:13:52Z,270.2,54160.8,116.4,,,0.0,0.0,,,,,,0.0
2026-09-28T23:13:57Z,275.2,54160.8,236.8,,,0.0,0.0,,,,,,0.0
2026-09-28T23:14:02Z,280.2,54160.8,171.9,,,0.0,0.0,,,,,,0.0
2026-09-28T23:14:07Z,285.2,54160.8,188.3,,,0.0,0.0,,,,,,0.0
2026-09-28T23:14:12Z,290.2,54160.8,124.6,,,0.0,0.0,,,,,,0.0
2026-09-28T23:14:17Z,295.2,54160.8,314.5,,,0.0,0.0,,,,,,0.0
2026-09-28T23:14:22Z,300.2,54160.8,266.4,,,0.0,0.0,,,,,,0.0
2026-09-28T23:14:27Z,305.2,54160.8,275.3,,,0.0,0.0,,,,,,0.0
2026-09-28T23:14:32Z,310.2,54160.8,210.4,,,0.0,0.0,,,,,,0.0
2026-09-28T23:14:37Z,315.2,54160.8,259.6,,,0.0,0.0,,,,,,0.0
2026-09-28T23:14:42Z,320.2,54160.8,247.6,,,0.0,0.0,,,,,,0.0
2026-09-28T23:14:47Z,325.2,54160.8,159.7,,,0.0,0.0,,,,,,0.0
2026-09-28T23:14:52Z,330.2,54160.8,260.9,,,0.0,0.0,,,,,,0.0
2026-09-28T23:14:57Z,335.2,54160.8,296.5,,,0.0,0.0,,,,,,0.0
2026-09-28T23:15:02Z,340.2,54160.8,266.2,,,0.0,0.0,,,,,,0.0
2026-09-28T23:15:07Z,345.2,54160.8,227.4,,,0.0,0.0,,,,,,0.0
2026-09-28T23:15:12Z,350.2,54160.8,279.2,,,0.0,0.0,,,,,,0.0
2026-09-28T23:15:17Z,355.2,54160.8,220.2,,,0.0,0.0,,,,,,0.0
2026-09-28T23:15:22Z,360.2,54160.8,203.3,,,0.0,0.0,,,,,,0.0
2026-09-28T23:15:27Z,365.2,54160.8,301.1,,,0.0,0.0,,,,,,0.0
2026-09-28T23:15:32Z,370.2,54160.8,287.6,,,0.0,0.0,,,,,,0.0
2026-09-28T23:15:37Z,375.2,54160.8,238.4,,,0.0,0.0,,,,,,0.0
2026-09-28T23:15:42Z,380.2,54160.8,156.3,,,0.0,0.0,,,,,,0.0
2026-09-28T23:15:47Z,385.2,54160.8,247.4,,,0.0,0.0,,,,,,0.0
2026-09-28T23:15:52Z,390.2,54160.8,158.5,,,0.0,0.0,,,,,,0.0
2026-09-28T23:15:57Z,395.2,54160.8,173.5,,,0.0,0.0,,,,,,0.0
2026-09-28T23:16:02Z,400.2,54160.8,228.4,,,0.0,0.0,,,,,,0.0
2026-09-28T23:16:07Z,405.2,54160.8,289.9,,,0.0,0.0,,,,,,0.0
2026-09-28T23:16:12Z,410.2,54160.8,274.4,,,0.0,0.0,,,,,,0.0
2026-09-28T23:16:17Z,415.2,54160.8,270.2,,,0.0,0.0,,,,,,0.0
2026-09-28T23:16:22Z,420.2,54160.8,225.0,,,0.0,0.0,,,,,,0.0
2026-09-28T23:16:27Z,425.2,54160.8,233.9,,,0.0,0.0,,,,,,0.0
2026-09-28T23:16:32Z,430.2,54160.8,173.5,,,0.0,0.0,,,,,,0.0
2026-09-28T23:16:37Z,435.2,54160.8,274.7,,,0.0,0.0,,,,,,0.0
2026-09-28T23:16:42Z,440.2,54160.8,308.3,,,0.0,0.0,,,,,,0.0
2026-09-28T23:16:47Z,445.2,54160.8,200.2,,,0.0,0.0,,,,,,0.0
2026-09-28T23:16:52Z,450.2,54160.8,150.2,,,0.0,0.0,,,,,,0.0
2026-09-28T23:16:57Z,455.2,54160.8,315.0,,,0.0,0.0,,,,,,0.0
2026-09-28T23:17:02Z,460.2,54160.8,317.1,,,0.0,0.0,,,,,,0.0
2026-09-28T23:17:07Z,465.2,54160.8,305.5,,,0.0,0.0,,,,,,0.0
2026-09-28T23:17:12Z,470.2,54160.8,268.9,,,0.0,0.0,,,,,,0.0
2026-09-28T23:17:17Z,475.2,54160.8,264.8,,,0.0,0.0,,,,,,0.0
2026-09-28T23:17:22Z,480.2,54160.8,223.3,,,0.0,0.0,,,,,,0.0
2026-09-28T23:17:27Z,485.2,54160.8,190.8,,,0.0,0.0,,,,,,0.0
2026-09-28T23:17:32Z,490.2,54160.8,284.5,,,0.0,0.0,,,,,,0.0
2026-09-28T23:17:37Z,495.2,54160.8,323.2,,,0.0,0.0,,,,,,0.0
2026-09-28T23:17:42Z,500.3,54160.8,287.6,,,0.0,0.0,,,,,,0.0
2026-09-28T23:17:47Z,505.3,54160.8,267.9,,,0.0,0.0,,,,,,0.0
2026-09-28T23:17:52Z,510.3,54160.8,292.7,,,0.0,0.0,,,,,,0.0
2026-09-28T23:17:57Z,515.3,54160.8,241.1,,,0.0,0.0,,,,,,0.0
2026-09-28T23:18:02Z,520.3,54160.8,173.7,,,0.0,0.0,,,,,,0.0
2026-09-28T23:18:07Z,525.3,54160.8,260.2,,,0.0,0.0,,,,,,0.0
2026-09-28T23:18:12Z,530.3,54160.8,275.3,,,0.0,0.0,,,,,,0.0
2026-09-28T23:18:17Z,535.3,54160.8,202.1,,,0.0,0.0,,,,,,0.0
2026-09-28T23:18:22Z,540.3,54160.8,177.5,,,0.0,0.0,,,,,,0.0
2026-09-28T23:18:27Z,545.3,54160.8,310.3,,,0.0,0.0,,,,,,0.0
2026-09-28T23:18:32Z,550.3,54160.8,225.3,,,0.0,0.0,,,,,,0.0
2026-09-28T23:18:37Z,555.3,54160.8,235.9,,,0.0,0.0,,,,,,0.0
2026-09-28T23:18:42Z,560.3,54160.8,324.7,,,0.0,0.0,,,,,,0.0
2026-09-28T23:18:47Z,565.3,54160.8,218.9,,,0.0,0.0,,,,,,0.0
2026-09-28T23:18:52Z,570.3,54160.8,207.1,,,0.0,0.0,,,,,,0.0
2026-09-28T23:18:57Z,575.3,54160.8,306.4,,,0.0,0.0,,,,,,0.0
2026-09-28T23:19:02Z,580.3,54160.8,254.1,,,0.0,0.0,,,,,,0.0
2026-09-28T23:19:07Z,585.3,54160.8,304.0,,,0.0,0.0,,,,,,0.0
2026-09-28T23:19:12Z,590.3,54160.8,312.4,,,0.0,0.0,,,,,,0.0
2026-09-28T23:19:17Z,595.3,54160.8,312.5,,,0.0,0.0,,,,,,0.0
2026-09-28T23:19:22Z,600.3,54160.8,228.2,,,0.0,0.0,,,,,,0.0
2026-09-28T23:19:27Z,605.3,54160.8,219.0,,,0.0,0.0,,,,,,0.0
2026-09-28T23:19:32Z,610.3,54160.8,242.4,,,0.0,0.0,,,,,,0.0
2026-09-28T23:19:37Z,615.3,54160.8,295.5,,,0.0,0.0,,,,,,0.0
2026-09-28T23:19:42Z,620.3,54160.8,248.0,,,0.0,0.0,,,,,,0.0
2026-09-28T23:19:47Z,625.3,54160.8,191.9,,,0.0,0.0,,,,,,0.0
2026-09-28T23:19:52Z,630.3,54160.8,320.3,,,0.0,0.0,,,,,,0.0
2026-09-28T23:19:57Z,635.3,54160.8,150.9,,,0.0,0.0,,,,,,0.0
2026-09-28T23:20:02Z,640.3,54160.8,170.6,,,0.0,0.0,,,,,,0.0
2026-09-28T23:20:07Z,645.3,54160.8,215.3,,,0.0,0.0,,,,,,0.0
2026-09-28T23:20:12Z,650.3,54160.8,239.2,,,0.0,0.0,,,,,,0.0
2026-09-28T23:20:17Z,655.3,54160.8,149.4,,,0.0,0.0,,,,,,0.0
2026-09-28T23:20:22Z,660.3,54160.8,186.2,,,0.0,0.0,,,,,,0.0
2026-09-28T23:20:27Z,665.3,54160.8,97.8,,,0.0,0.0,,,,,,0.0
2026-09-28T23:20:32Z,670.3,54160.8,192.7,,,0.0,0.0,,,,,,0.0
2026-09-28T23:20:37Z,675.4,54160.8,118.7,,,0.0,0.0,,,,,,0.0
2026-09-28T23:20:42Z,680.4,54160.8,179.4,,,0.0,0.0,,,,,,0.0
2026-09-28T23:20:47Z,685.4,54160.8,152.7,,,0.0,0.0,,,,,,0.0
2026-09-28T23:20:52Z,690.4,54160.8,232.3,,,0.0,0.0,,,,,,0.0
2026-09-28T23:20:57Z,695.4,54160.8,153.6,,,0.0,0.0,,,,,,0.0
2026-09-28T23:21:02Z,700.4,54160.8,80.9,,,0.0,0.0,,,,,,0.0
2026-09-28T23:21:07Z,705.4,54160.8,153.9,,,0.0,0.0,,,,,,0.0
2026-09-28T23:21:12Z,710.4,54160.8,241.0,,,0.0,0.0,,,,,,0.0
2026-09-28T23:21:17Z,715.4,54160.8,178.7,,,0.0,0.0,,,,,,0.0
2026-09-28T23:21:22Z,720.4,54160.8,189.4,,,0.0,0.0,,,,,,0.0
2026-09-28T23:21:27Z,725.4,54160.8,192.2,,,0.0,0.0,,,,,,0.0
2026-09-28T23:21:32Z,730.4,54160.8,225.1,,,0.0,0.0,,,,,,0.0
2026-09-28T23:21:37Z,735.4,54160.8,150.8,,,0.0,0.0,,,,,,0.0
2026-09-28T23:21:42Z,740.4,54160.8,265.2,,,0.0,0.0,,,,,,0.0
2026-09-28T23:21:47Z,745.4,54160.8,260.9,,,0.0,0.0,,,,,,0.0
2026-09-28T23:21:52Z,750.4,54160.8,178.6,,,0.0,0.0,,,,,,0.0
2026-09-28T23:21:57Z,755.4,54160.8,37.4,,,0.0,0.0,,,,,,0.0
2026-09-28T23:22:02Z,760.4,54160.8,250.1,,,0.0,0.0,,,,,,0.0
2026-09-28T23:22:07Z,765.4,54160.8,238.2,,,0.0,0.0,,,,,,0.0
2026-09-28T23:22:12Z,770.4,54160.8,136.4,,,0.0,0.0,,,,,,0.0
2026-09-28T23:22:17Z,775.4,54160.8,96.3,,,0.0,0.0,,,,,,0.0
2026-09-28T23:22:22Z,780.4,54160.8,131.9,,,0.0,0.0,,,,,,0.0
2026-09-28T23:22:27Z,785.4,54160.8,234.8,,,0.0,0.0,,,,,,0.0
2026-09-28T23:22:32Z,790.4,54160.8,188.2,,,0.0,0.0,,,,,,0.0
2026-09-28T23:22:37Z,795.4,54160.8,268.4,,,0.0,0.0,,,,,,0.0
2026-09-28T23:22:42Z,800.4,54160.8,243.5,,,0.0,0.0,,,,,,0.0
2026-09-28T23:22:47Z,805.4,54160.8,248.7,,,0.0,0.0,,,,,,0.0
2026-09-28T23:22:52Z,810.4,54160.8,202.6,,,0.0,0.0,,,,,,0.0
2026-09-28T23:22:57Z,815.4,54160.8,206.9,,,0.0,0.0,,,,,,0.0
2026-09-28T23:23:02Z,820.4,54160.8,255.4,,,0.0,0.0,,,,,,0.0
2026-09-28T23:23:07Z,825.4,54160.8,149.5,,,0.0,0.0,,,,,,0.0
2026-09-28T23:23:12Z,830.4,54160.8,217.7,,,0.0,0.0,,,,,,0.0
2026-09-28T23:23:17Z,835.4,54160.8,201.8,,,0.0,0.0,,,,,,0.0
2026-09-28T23:23:22Z,840.4,54160.8,128.1,,,0.0,0.0,,,,,,0.0
2026-09-28T23:23:27Z,845.4,54160.8,203.2,,,0.0,0.0,,,,,,0.0
2026-09-28T23:23:32Z,850.4,54160.8,277.4,,,0.0,0.0,,,,,,0.0
2026-09-28T23:23:37Z,855.5,54160.8,215.8,,,0.0,0.0,,,,,,0.0
2026-09-28T23:23:42Z,860.5,54160.8,93.0,,,0.0,0.0,,,,,,0.0
2026-09-28T23:23:47Z,865.5,54160.8,241.7,,,0.0,0.0,,,,,,0.0
2026-09-28T23:23:52Z,870.5,54160.8,211.8,,,0.0,0.0,,,,,,0.0
2026-09-28T23:23:57Z,875.5,54160.8,133.5,,,0.0,0.0,,,,,,0.0
2026-09-28T23:24:02Z,880.5,54160.8,273.4,,,0.0,0.0,,,,,,0.0
2026-09-28T23:24:07Z,885.5,54160.8,158.6,,,0.0,0.0,,,,,,0.0
2026-09-28T23:24:12Z,890.5,54160.8,253.0,,,0.0,0.0,,,,,,0.0
2026-09-28T23:24:17Z,895.5,54160.8,224.2,,,0.0,0.0,,,,,,0.0
2026-09-28T23:24:22Z,900.5,54160.8,234.8,,,0.0,0.0,,,,,,0.0
2026-09-28T23:24:27Z,905.5,54160.8,226.4,,,0.0,0.0,,,,,,0.0
2026-09-28T23:24:32Z,910.5,54160.8,226.9,,,0.0,0.0,,,,,,0.0
2026-09-28T23:24:37Z,915.5,54160.8,202.0,,,0.0,0.0,,,,,,0.0
2026-09-28T23:24:42Z,920.5,54160.8,248.5,,,0.0,0.0,,,,,,0.0
2026-09-28T23:24:47Z,925.5,54160.8,227.7,,,0.0,0.0,,,,,,0.0
2026-09-28T23:24:52Z,930.5,54160.8,173.3,,,0.0,0.0,,,,,,0.0
2026-09-28T23:24:57Z,935.5,54160.8,250.6,,,0.0,0.0,,,,,,0.0
2026-09-28T23:25:02Z,940.5,54160.8,230.9,,,0.0,0.0,,,,,,0.0
2026-09-28T23:25:07Z,945.5,54160.8,288.3,,,0.0,0.0,,,,,,0.0
2026-09-28T23:25:12Z,950.5,54160.8,256.7,,,0.0,0.0,,,,,,0.0
2026-09-28T23:25:17Z,955.5,54160.8,300.4,,,0.0,0.0,,,,,,0.0
2026-09-28T23:25:22Z,960.5,54160.8,279.7,,,0.0,0.0,,,,,,0.0
2026-09-28T23:25:27Z,965.5,54160.8,179.9,,,0.0,0.0,,,,,,0.0
2026-09-28T23:25:32Z,970.5,54160.8,227.7,,,0.0,0.0,,,,,,0.0
2026-09-28T23:25:37Z,975.5,54160.8,250.3,,,0.0,0.0,,,,,,0.0
2026-09-28T23:25:42Z,980.5,54160.8,147.5,,,0.0,0.0,,,,,,0.0
2026-09-28T23:25:47Z,985.5,54160.8,213.0,,,0.0,0.0,,,,,,0.0
2026-09-28T23:25:52Z,990.5,54160.8,206.1,,,0.0,0.0,,,,,,0.0
2026-09-28T23:25:57Z,995.5,54160.8,214.9,,,0.0,0.0,,,,,,0.0
2026-09-28T23:26:02Z,1000.5,54160.8,241.1,,,0.0,0.0,,,,,,0.0
2026-09-28T23:26:07Z,1005.6,54160.8,186.7,,,0.0,0.0,,,,,,0.0
2026-09-28T23:26:12Z,1010.6,54160.8,204.1,,,0.0,0.0,,,,,,0.0
2026-09-28T23:26:17Z,1015.6,54160.8,272.0,,,0.0,0.0,,,,,,0.0
2026-09-28T23:26:22Z,1020.6,54160.8,208.2,,,0.0,0.0,,,,,,0.0
2026-09-28T23:26:27Z,1025.6,54160.8,228.7,,,0.0,0.0,,,,,,0.0
2026-09-28T23:26:32Z,1030.6,54160.8,172.7,,,0.0,0.0,,,,,,0.0
2026-09-28T23:26:37Z,1035.6,54160.8,76.8,,,0.0,0.0,,,,,,0.0
2026-09-28T23:26:42Z,1040.6,54160.8,252.5,,,0.0,0.0,,,,,,0.0
2026-09-28T23:26:47Z,1045.6,54160.8,274.7,,,0.0,0.0,,,,,,0.0
2026-09-28T23:26:52Z,1050.6,54160.8,234.7,,,0.0,0.0,,,,,,0.0
2026-09-28T23:26:57Z,1055.6,54160.8,228.5,,,0.0,0.0,,,,,,0.0
2026-09-28T23:27:02Z,1060.6,54160.8,240.6,,,0.0,0.0,,,,,,0.0
2026-09-28T23:27:07Z,1065.6,54160.8,146.8,,,0.0,0.0,,,,,,0.0
2026-09-28T23:27:12Z,1070.6,54160.8,258.8,,,0.0,0.0,,,,,,0.0
2026-09-28T23:27:17Z,1075.6,54160.8,239.6,,,0.0,0.0,,,,,,0.0
2026-09-28T23:27:22Z,1080.6,54160.8,183.1,,,0.0,0.0,,,,,,0.0
2026-09-28T23:27:27Z,1085.6,54160.8,119.4,,,0.0,0.0,,,,,,0.0
2026-09-28T23:27:32Z,1090.6,54160.8,295.4,,,0.0,0.0,,,,,,0.0
2026-09-28T23:27:37Z,1095.6,54160.8,307.5,,,0.0,0.0,,,,,,0.0
2026-09-28T23:27:42Z,1100.6,54160.8,248.0,,,0.0,0.0,,,,,,0.0
2026-09-28T23:27:47Z,1105.6,54160.8,217.9,,,0.0,0.0,,,,,,0.0
2026-09-28T23:27:52Z,1110.6,54160.8,260.7,,,0.0,0.0,,,,,,0.0
2026-09-28T23:27:57Z,1115.6,54160.8,198.6,,,0.0,0.0,,,,,,0.0
2026-09-28T23:28:02Z,1120.6,54160.8,225.7,,,0.0,0.0,,,,,,0.0
2026-09-28T23:28:07Z,1125.6,54160.8,239.5,,,0.0,0.0,,,,,,0.0
2026-09-28T23:28:12Z,1130.6,54160.8,154.4,,,0.0,0.0,,,,,,0.0
2026-09-28T23:28:17Z,1135.6,54160.8,202.7,,,0.0,0.0,,,,,,0.0
2026-09-28T23:28:22Z,1140.6,54160.8,123.7,,,0.0,0.0,,,,,,0.0
2026-09-28T23:28:27Z,1145.6,54160.8,316.4,,,0.0,0.0,,,,,,0.0
2026-09-28T23:28:32Z,1150.6,54160.8,242.9,,,0.0,0.0,,,,,,0.0
2026-09-28T23:28:37Z,1155.6,54160.8,288.8,,,0.0,0.0,,,,,,0.0
2026-09-28T23:28:42Z,1160.6,54160.8,213.9,,,0.0,0.0,,,,,,0.0
2026-09-28T23:28:47Z,1165.6,54160.8,250.0,,,0.0,0.0,,,,,,0.0
2026-09-28T23:28:52Z,1170.6,54160.8,252.3,,,0.0,0.0,,,,,,0.0
2026-09-28T23:28:57Z,1175.6,54160.8,220.4,,,0.0,0.0,,,,,,0.0
2026-09-28T23:29:02Z,1180.6,54160.8,225.1,,,0.0,0.0,,,,,,0.0
2026-09-28T23:29:07Z,1185.6,54160.8,252.2,,,0.0,0.0,,,,,,0.0
2026-09-28T23:29:12Z,1190.6,54160.8,272.5,,,0.0,0.0,,,,,,0.0
2026-09-28T23:29:17Z,1195.6,54160.8,318.1,,,0.0,0.0,,,,,,0.0
2026-09-28T23:29:22Z,1200.6,54160.8,286.3,,,0.0,0.0,,,,,,0.0
2026-09-28T23:29:27Z,1205.6,54160.8,294.8,,,0.0,0.0,,,,,,0.0
2026-09-28T23:29:32Z,1210.6,54160.8,312.6,,,0.0,0.0,,,,,,0.0
2026-09-28T23:29:37Z,1215.6,54160.8,260.4,,,0.0,0.0,,,,,,0.0
2026-09-28T23:29:42Z,1220.6,54160.8,224.0,,,0.0,0.0,,,,,,0.0
2026-09-28T23:29:47Z,1225.6,54160.8,206.1,,,0.0,0.0,,,,,,0.0
2026-09-28T23:29:52Z,1230.6,54160.8,259.6,,,0.0,0.0,,,,,,0.0
2026-09-28T23:29:57Z,1235.6,54160.8,239.0,,,0.0,0.0,,,,,,0.0
2026-09-28T23:30:02Z,1240.7,54160.8,253.5,,,0.0,0.0,,,,,,0.0
2026-09-28T23:30:07Z,1245.7,54160.8,217.2,,,0.0,0.0,,,,,,0.0
2026-09-28T23:30:12Z,1250.7,54160.8,282.7,,,0.0,0.0,,,,,,0.0
2026-09-28T23:30:17Z,1255.7,54160.8,237.6,,,0.0,0.0,,,,,,0.0
2026-09-28T23:30:22Z,1260.7,54160.8,255.3,,,0.0,0.0,,,,,,0.0
2026-09-28T23:30:27Z,1265.7,54160.8,197.6,,,0.0,0.0,,,,,,0.0
2026-09-28T23:30:32Z,1270.7,54160.8,167.0,,,0.0,0.0,,,,,,0.0
2026-09-28T23:30:37Z,1275.7,54160.8,309.4,,,0.0,0.0,,,,,,0.0
2026-09-28T23:30:42Z,1280.7,54160.8,323.0,,,0.0,0.0,,,,,,0.0
2026-09-28T23:30:47Z,1285.7,54160.8,303.8,,,0.0,0.0,,,,,,0.0
2026-09-28T23:30:52Z,1290.7,54160.8,283.3,,,0.0,0.0,,,,,,0.0
2026-09-28T23:30:57Z,1295.7,54160.8,194.7,,,0.0,0.0,,,,,,0.0
2026-09-28T23:31:02Z,1300.7,54160.8,223.9,,,0.0,0.0,,,,,,0.0
2026-09-28T23:31:07Z,1305.7,54160.8,210.7,,,0.0,0.0,,,,,,0.0
2026-09-28T23:31:12Z,1310.7,54160.8,322.2,,,0.0,0.0,,,,,,0.0
2026-09-28T23:31:17Z,1315.7,54160.8,302.8,,,0.0,0.0,,,,,,0.0
2026-09-28T23:31:22Z,1320.7,54160.8,279.9,,,0.0,0.0,,,,,,0.0
2026-09-28T23:31:27Z,1325.7,54160.8,198.6,,,0.0,0.0,,,,,,0.0
2026-09-28T23:31:32Z,1330.7,54160.8,258.5,,,0.0,0.0,,,,,,0.0
2026-09-28T23:31:37Z,1335.7,54160.8,228.3,,,0.0,0.0,,,,,,0.0
2026-09-28T23:31:42Z,1340.7,54160.8,213.3,,,0.0,0.0,,,,,,0.0
2026-09-28T23:31:47Z,1345.7,54160.8,323.5,,,0.0,0.0,,,,,,0.0
2026-09-28T23:31:52Z,1350.8,54160.8,317.2,,,0.0,0.0,,,,,,0.0
2026-09-28T23:31:57Z,1355.8,54160.8,286.3,,,0.0,0.0,,,,,,0.0
2026-09-28T23:32:02Z,1360.8,54160.8,216.1,,,0.0,0.0,,,,,,0.0
2026-09-28T23:32:07Z,1365.8,54160.8,275.3,,,0.0,0.0,,,,,,0.0
2026-09-28T23:32:12Z,1370.8,54160.8,283.2,,,0.0,0.0,,,,,,0.0
2026-09-28T23:32:17Z,1375.8,54160.8,216.0,,,0.0,0.0,,,,,,0.0
2026-09-28T23:32:22Z,1380.8,54160.8,259.1,,,0.0,0.0,,,,,,0.0
2026-09-28T23:32:27Z,1385.8,54160.8,245.6,,,0.0,0.0,,,,,,0.0
2026-09-28T23:32:32Z,1390.8,54160.8,308.7,,,0.0,0.0,,,,,,0.0
2026-09-28T23:32:37Z,1395.8,54160.8,265.0,,,0.0,0.0,,,,,,0.0
2026-09-28T23:32:42Z,1400.8,54160.8,248.0,,,0.0,0.0,,,,,,0.0
2026-09-28T23:32:47Z,1405.8,54160.8,207.1,,,0.0,0.0,,,,,,0.0
2026-09-28T23:32:52Z,1410.8,54160.8,252.6,,,0.0,0.0,,,,,,0.0
2026-09-28T23:32:57Z,1415.8,54160.8,97.1,,,0.0,0.0,,,,,,0.0
2026-09-28T23:33:02Z,1420.8,54160.8,255.7,,,0.0,0.0,,,,,,0.0
2026-09-28T23:33:07Z,1425.8,54160.8,216.8,,,0.0,0.0,,,,,,0.0
2026-09-28T23:33:12Z,1430.8,54160.8,241.9,,,0.0,0.0,,,,,,0.0
2026-09-28T23:33:17Z,1435.8,54160.8,286.4,,,0.0,0.0,,,,,,0.0
2026-09-28T23:33:22Z,1440.8,54160.8,207.3,,,0.0,0.0,,,,,,0.0
2026-09-28T23:33:27Z,1445.8,54160.8,259.6,,,0.0,0.0,,,,,,0.0
2026-09-28T23:33:32Z,1450.8,54160.8,199.7,,,0.0,0.0,,,,,,0.0
2026-09-28T23:33:37Z,1455.8,54160.8,165.4,,,0.0,0.0,,,,,,0.0
2026-09-28T23:33:42Z,1460.8,54160.8,288.6,,,0.0,0.0,,,,,,0.0
2026-09-28T23:33:47Z,1465.8,54160.8,293.1,,,0.0,0.0,,,,,,0.0
2026-09-28T23:33:52Z,1470.8,54160.8,283.2,,,0.0,0.0,,,,,,0.0
2026-09-28T23:33:57Z,1475.8,54160.8,278.3,,,0.0,0.0,,,,,,0.0
2026-09-28T23:34:02Z,1480.8,54160.8,325.2,,,0.0,0.0,,,,,,0.0
2026-09-28T23:34:07Z,1485.8,54160.8,311.1,,,0.0,0.0,,,,,,0.0
2026-09-28T23:34:12Z,1490.8,54160.8,283.0,,,0.0,0.0,,,,,,0.0
2026-09-28T23:34:17Z,1495.8,54160.8,309.1,,,0.0,0.0,,,,,,0.0
2026-09-28T23:34:22Z,1500.8,54160.8,251.6,,,0.0,0.0,,,,,,0.0
2026-09-28T23:34:27Z,1505.8,54160.8,180.1,,,0.0,0.0,,,,,,0.0
2026-09-28T23:34:32Z,1510.8,54160.8,261.2,,,0.0,0.0,,,,,,0.0
2026-09-28T23:34:37Z,1515.8,54160.8,298.5,,,0.0,0.0,,,,,,0.0
2026-09-28T23:34:42Z,1520.8,54160.8,295.6,,,0.0,0.0,,,,,,0.0
2026-09-28T23:34:47Z,1525.8,54160.8,305.1,,,0.0,0.0,,,,,,0.0
2026-09-28T23:34:52Z,1530.8,54160.8,206.3,,,0.0,0.0,,,,,,0.0
2026-09-28T23:34:57Z,1535.8,54160.8,214.5,,,0.0,0.0,,,,,,0.0
2026-09-28T23:35:02Z,1540.8,54160.8,284.2,,,0.0,0.0,,,,,,0.0
2026-09-28T23:35:07Z,1545.8,54160.8,201.8,,,0.0,0.0,,,,,,0.0
2026-09-28T23:35:12Z,1550.8,54160.8,229.0,,,0.0,0.0,,,,,,0.0
2026-09-28T23:35:17Z,1555.9,54160.8,276.9,,,0.0,0.0,,,,,,0.0
2026-09-28T23:35:22Z,1560.9,54160.8,325.6,,,0.0,0.0,,,,,,0.0
2026-09-28T23:35:27Z,1565.9,54160.8,322.9,,,0.0,0.0,,,,,,0.0
2026-09-28T23:35:32Z,1570.9,54160.8,230.4,,,0.0,0.0,,,,,,0.0
2026-09-28T23:35:37Z,1575.9,54160.8,212.0,,,0.0,0.0,,,,,,0.0
2026-09-28T23:35:42Z,1580.9,54160.8,286.8,,,0.0,0.0,,,,,,0.0
2026-09-28T23:35:47Z,1585.9,54160.8,212.9,,,0.0,0.0,,,,,,0.0
2026-09-28T23:35:52Z,1590.9,54160.8,273.7,,,0.0,0.0,,,,,,0.0
2026-09-28T23:35:57Z,1595.9,54160.8,291.1,,,0.0,0.0,,,,,,0.0
2026-09-28T23:36:02Z,1600.9,54160.8,218.2,,,0.0,0.0,,,,,,0.0
2026-09-28T23:36:07Z,1605.9,54160.8,197.6,,,0.0,0.0,,,,,,0.0
2026-09-28T23:36:12Z,1610.9,54160.8,290.4,,,0.0,0.0,,,,,,0.0
2026-09-28T23:36:17Z,1615.9,54160.8,275.7,,,0.0,0.0,,,,,,0.0
2026-09-28T23:36:22Z,1620.9,54160.8,214.6,,,0.0,0.0,,,,,,0.0
2026-09-28T23:36:27Z,1625.9,54160.8,272.5,,,0.0,0.0,,,,,,0.0
2026-09-28T23:36:32Z,1630.9,54160.8,214.3,,,0.0,0.0,,,,,,0.0
2026-09-28T23:36:37Z,1635.9,54160.8,232.6,,,0.0,0.0,,,,,,0.0
2026-09-28T23:36:42Z,1640.9,54160.8,202.0,,,0.0,0.0,,,,,,0.0
2026-09-28T23:36:47Z,1645.9,54160.8,244.9,,,0.0,0.0,,,,,,0.0
2026-09-28T23:36:53Z,1650.9,54160.8,260.9,,,0.0,0.0,,,,,,0.0
2026-09-28T23:36:58Z,1655.9,54160.8,193.0,,,0.0,0.0,,,,,,0.0
2026-09-28T23:37:03Z,1660.9,54160.8,206.2,,,0.0,0.0,,,,,,0.0
2026-09-28T23:37:08Z,1665.9,54160.8,298.0,,,0.0,0.0,,,,,,0.0
2026-09-28T23:37:13Z,1670.9,54160.8,289.5,,,0.0,0.0,,,,,,0.0
2026-09-28T23:37:18Z,1675.9,54160.8,244.1,,,0.0,0.0,,,,,,0.0
2026-09-28T23:37:23Z,1680.9,54160.8,216.7,,,0.0,0.0,,,,,,0.0
2026-09-28T23:37:28Z,1685.9,54160.8,248.9,,,0.0,0.0,,,,,,0.0
2026-09-28T23:37:33Z,1690.9,54160.8,182.4,,,0.0,0.0,,,,,,0.0
2026-09-28T23:37:38Z,1696.0,54160.8,238.1,,,0.0,0.0,,,,,,0.0
2026-09-28T23:37:43Z,1701.0,54160.8,258.6,,,0.0,0.0,,,,,,0.0
2026-09-28T23:37:48Z,1706.0,54160.8,255.9,,,0.0,0.0,,,,,,0.0
2026-09-28T23:37:53Z,1711.0,54160.8,256.9,,,0.0,0.0,,,,,,0.0
2026-09-28T23:37:58Z,1716.0,54160.8,120.3,,,0.0,0.0,,,,,,0.0
2026-09-28T23:38:03Z,1721.0,54160.8,252.3,,,0.0,0.0,,,,,,0.0
2026-09-28T23:38:08Z,1726.0,54160.8,253.0,,,0.0,0.0,,,,,,0.0
2026-09-28T23:38:13Z,1731.0,54160.8,48.0,,,0.0,0.0,,,,,,0.0
2026-09-28T23:38:18Z,1736.0,54160.8,138.6,,,0.0,0.0,,,,,,0.0
2026-09-28T23:38:23Z,1741.0,54160.8,136.7,,,0.0,0.0,,,,,,0.0
2026-09-28T23:38:28Z,1746.1,54160.8,125.5,,,0.0,0.0,,,,,,0.2
2026-09-28T23:38:33Z,1751.1,54160.8,260.0,,,0.0,0.0,,,,,,0.0
2026-09-28T23:38:38Z,1756.1,54160.8,204.5,,,0.0,0.0,,,,,,0.0
2026-09-28T23:38:43Z,1761.1,54160.8,275.3,,,0.0,0.0,,,,,,0.0
2026-09-28T23:38:48Z,1766.1,54160.8,287.2,,,0.0,0.0,,,,,,0.0
2026-09-28T23:38:53Z,1771.1,54160.8,243.5,,,0.0,0.0,,,,,,0.0
2026-09-28T23:38:58Z,1776.1,54160.8,204.9,,,0.0,0.0,,,,,,0.0
2026-09-28T23:39:03Z,1781.1,54160.8,323.0,,,0.0,0.0,,,,,,0.0
2026-09-28T23:39:08Z,1786.1,54160.8,237.6,,,0.0,0.0,,,,,,0.0
2026-09-28T23:39:13Z,1791.1,54160.8,204.6,,,0.0,0.0,,,,,,0.0
2026-09-28T23:39:18Z,1796.1,54160.8,323.0,,,0.0,0.0,,,,,,0.0
2026-09-28T23:39:23Z,1801.1,54160.8,250.5,,,0.0,0.0,,,,,,0.0
2026-09-28T23:39:28Z,1806.1,54160.8,288.6,,,0.0,0.0,,,,,,0.0
2026-09-28T23:39:33Z,1811.1,54160.8,246.8,,,0.0,0.0,,,,,,0.0
2026-09-28T23:39:38Z,1816.1,54160.8,260.0,,,0.0,0.0,,,,,,0.0
2026-09-28T23:39:43Z,1821.1,54160.8,232.6,,,0.0,0.0,,,,,,0.0
2026-09-28T23:39:48Z,1826.2,54160.8,231.8,,,0.0,0.0,,,,,,0.0
2026-09-28T23:39:53Z,1831.2,54160.8,252.0,,,0.0,0.0,,,,,,0.0
2026-09-28T23:39:58Z,1836.2,54160.8,308.2,,,0.0,0.0,,,,,,0.0
2026-09-28T23:40:03Z,1841.2,54160.8,308.3,,,0.0,0.0,,,,,,0.0
2026-09-28T23:40:08Z,1846.2,54160.8,318.6,,,0.0,0.0,,,,,,0.0
2026-09-28T23:40:13Z,1851.2,54160.8,256.8,,,0.0,0.0,,,,,,0.0
2026-09-28T23:40:18Z,1856.2,54160.8,236.2,,,0.0,0.0,,,,,,0.0
2026-09-28T23:40:23Z,1861.2,54160.8,157.8,,,0.0,0.0,,,,,,0.0
2026-09-28T23:40:28Z,1866.2,54160.8,216.8,,,0.0,0.0,,,,,,0.0
2026-09-28T23:40:33Z,1871.2,54160.8,256.4,,,0.0,0.0,,,,,,0.0
2026-09-28T23:40:38Z,1876.2,54160.8,182.0,,,0.0,0.0,,,,,,0.0
2026-09-28T23:40:43Z,1881.2,54160.8,206.1,,,0.0,0.0,,,,,,0.0
2026-09-28T23:40:48Z,1886.2,54160.8,206.8,,,0.0,0.0,,,,,,0.0
2026-09-28T23:40:53Z,1891.2,54160.8,255.5,,,0.0,0.0,,,,,,0.0
2026-09-28T23:40:58Z,1896.2,54160.8,134.0,,,0.0,0.0,,,,,,0.0
2026-09-28T23:41:03Z,1901.2,54160.8,254.1,,,0.0,0.0,,,,,,0.0
2026-09-28T23:41:08Z,1906.2,54160.8,222.9,,,0.0,0.0,,,,,,0.0
2026-09-28T23:41:13Z,1911.2,54160.8,226.3,,,0.0,0.0,,,,,,0.0
2026-09-28T23:41:18Z,1916.2,54160.8,178.4,,,0.0,0.0,,,,,,0.0
2026-09-28T23:41:23Z,1921.2,54160.8,256.0,,,0.0,0.0,,,,,,0.0
2026-09-28T23:41:28Z,1926.2,54160.8,169.0,,,0.0,0.0,,,,,,0.0
2026-09-28T23:41:37Z,1932.0,54160.8,190.8,,,0.0,0.0,,,,,,0.6
2026-09-28T23:41:39Z,1937.0,54160.8,150.3,,,0.0,0.0,,,,,,0.0
2026-09-28T23:41:44Z,1942.0,54160.8,181.3,,,0.0,0.0,,,,,,0.0
2026-09-28T23:41:49Z,1947.1,54160.8,128.4,,,0.0,0.0,,,,,,0.0
2026-09-28T23:41:54Z,1952.1,54160.8,275.3,,,0.0,0.0,,,,,,0.0
2026-09-28T23:41:59Z,1957.1,54160.8,300.2,,,0.0,0.0,,,,,,0.0
2026-09-28T23:42:04Z,1962.1,54160.8,261.3,,,0.0,0.0,,,,,,0.0
2026-09-28T23:42:09Z,1967.1,54160.8,162.4,,,0.0,0.0,,,,,,0.0
2026-09-28T23:42:14Z,1972.1,54160.8,260.0,,,0.0,0.0,,,,,,0.0
2026-09-28T23:42:19Z,1977.1,54160.8,216.6,,,0.0,0.0,,,,,,0.0
2026-09-28T23:42:24Z,1982.1,54160.8,209.8,,,0.0,0.0,,,,,,0.0
2026-09-28T23:42:29Z,1987.1,54160.8,249.1,,,0.0,0.0,,,,,,0.0
2026-09-28T23:42:34Z,1992.1,54160.8,212.4,,,0.0,0.0,,,,,,0.0
2026-09-28T23:42:39Z,1997.1,54160.8,166.1,,,0.0,0.0,,,,,,0.0
2026-09-28T23:42:44Z,2002.1,54160.8,281.6,,,0.0,0.0,,,,,,0.0
2026-09-28T23:42:49Z,2007.1,54160.8,258.9,,,0.0,0.0,,,,,,0.0
2026-09-28T23:42:54Z,2012.1,54160.8,7384.0,,,0.0,0.0,,,,,,0.0
