SeLockMemoryPrivilege: ENABLED -- SeLockMemoryPrivilege enabled on this process's token
AWE chunk: requested 524288 pages, got 524288. held_mb=2048.0 avail_mb=61559.9
AWE chunk: requested 524288 pages, got 524288. held_mb=4096.0 avail_mb=59521.3
AWE chunk: requested 524288 pages, got 524288. held_mb=6144.0 avail_mb=57470.1
AWE chunk: requested 524288 pages, got 524288. held_mb=8192.0 avail_mb=55418.0
AWE chunk: requested 524288 pages, got 524288. held_mb=10240.0 avail_mb=53364.1
AWE chunk: requested 524288 pages, got 524288. held_mb=12288.0 avail_mb=51312.1
AWE chunk: requested 524288 pages, got 524288. held_mb=14336.0 avail_mb=49260.9
AWE chunk: requested 524288 pages, got 524288. held_mb=16384.0 avail_mb=47209.2
AWE chunk: requested 524288 pages, got 524288. held_mb=18432.0 avail_mb=45156.7
AWE chunk: requested 524288 pages, got 524288. held_mb=20480.0 avail_mb=43095.9
AWE chunk: requested 524288 pages, got 524288. held_mb=22528.0 avail_mb=41043.1
AWE chunk: requested 524288 pages, got 524288. held_mb=24576.0 avail_mb=38981.4
AWE chunk: requested 524288 pages, got 524288. held_mb=26624.0 avail_mb=36929.9
AWE chunk: requested 524288 pages, got 524288. held_mb=28672.0 avail_mb=34876.1
AWE chunk: requested 524288 pages, got 524288. held_mb=30720.0 avail_mb=32821.8
AWE chunk: requested 524288 pages, got 524288. held_mb=32768.0 avail_mb=30768.8
AWE chunk: requested 524288 pages, got 524288. held_mb=34816.0 avail_mb=28716.7
AWE chunk: requested 524288 pages, got 524288. held_mb=36864.0 avail_mb=26660.6
AWE chunk: requested 524288 pages, got 524288. held_mb=38912.0 avail_mb=24608.2
AWE chunk: requested 524288 pages, got 524288. held_mb=40960.0 avail_mb=22553.1
AWE chunk: requested 524288 pages, got 524288. held_mb=43008.0 avail_mb=20500.8
AWE chunk: requested 524288 pages, got 524288. held_mb=45056.0 avail_mb=18448.3
AWE chunk: requested 524288 pages, got 524288. held_mb=47104.0 avail_mb=16397.9
AWE chunk: requested 524288 pages, got 524288. held_mb=49152.0 avail_mb=14345.9
AWE chunk: requested 524288 pages, got 524288. held_mb=51200.0 avail_mb=12261.4
AWE chunk: requested 524288 pages, got 524288. held_mb=53248.0 avail_mb=10183.1
AWE chunk: requested 524288 pages, got 524288. held_mb=55296.0 avail_mb=8112.4
AWE chunk: requested 229874 pages, got 229874. held_mb=56193.9 avail_mb=6063.1
TARGET REACHED (or best effort). mechanism=AWE held_mb=56193.9 available_mb=5219.4 target_available_mb=5165.200000000001
2026-09-28T21:44:04Z,0.0,56193.9,5219.4,,,0.0,0.0,,,,,,0.0
2026-09-28T21:44:09Z,5.0,56193.9,222.5,,,0.0,0.0,,,,,,0.0
2026-09-28T21:44:15Z,10.2,56193.9,432.6,,,0.0,0.0,,,,,,0.6
2026-09-28T21:44:20Z,15.4,56193.9,570.1,,,0.0,0.0,,,,,,0.3
2026-09-28T21:44:25Z,20.5,56193.9,551.7,,,0.0,0.0,,,,,,0.1
2026-09-28T21:44:30Z,25.5,56193.9,42.6,,,0.0,0.0,,,,,,0.0
2026-09-28T21:44:35Z,30.5,56193.9,227.8,,,0.0,0.0,,,,,,0.0
2026-09-28T21:44:40Z,35.5,56193.9,242.1,,,0.0,0.0,,,,,,0.4
2026-09-28T21:44:45Z,40.5,56193.9,99.7,,,0.0,0.0,,,,,,0.1
2026-09-28T21:44:50Z,45.5,56193.9,104.9,,,0.0,0.0,,,,,,0.0
2026-09-28T21:44:55Z,50.6,56193.9,137.5,,,0.0,0.0,,,,,,0.0
2026-09-28T21:45:00Z,55.6,56193.9,7.8,,,0.0,0.0,,,,,,0.1
2026-09-28T21:45:05Z,60.6,56193.9,68.4,,,0.0,0.0,,,,,,0.1
2026-09-28T21:45:10Z,65.7,56193.9,24.4,,,0.0,0.0,,,,,,0.5
2026-09-28T21:45:15Z,70.7,56193.9,620.5,,,0.0,0.0,,,,,,0.1
2026-09-28T21:45:21Z,75.8,56193.9,333.4,,,0.0,0.0,,,,,,0.0
2026-09-28T21:45:26Z,80.9,56193.9,731.8,,,0.0,0.0,,,,,,0.3
2026-09-28T21:45:30Z,86.0,56193.9,0.6,,,0.0,0.0,,,,,,0.0
2026-09-28T21:45:35Z,91.0,56193.9,565.1,,,0.0,0.0,,,,,,0.2
2026-09-28T21:45:41Z,96.2,56193.9,442.0,,,0.0,0.0,,,,,,0.1
2026-09-28T21:45:46Z,101.2,56193.9,438.4,,,0.0,0.0,,,,,,0.2
2026-09-28T21:45:51Z,106.2,56193.9,117.8,,,0.0,0.0,,,,,,0.1
2026-09-28T21:45:56Z,111.3,56193.9,295.5,,,0.0,0.0,,,,,,0.3
2026-09-28T21:46:01Z,116.4,56193.9,21.7,,,0.0,0.0,,,,,,0.1
2026-09-28T21:46:06Z,121.4,56193.9,137.6,,,0.0,0.0,,,,,,0.0
2026-09-28T21:46:11Z,126.5,56193.9,106.5,,,0.0,0.0,,,,,,0.1
2026-09-28T21:46:16Z,131.5,56193.9,44.1,,,0.0,0.0,,,,,,0.1
2026-09-28T21:46:21Z,136.6,56193.9,1.5,,,0.0,0.0,,,,,,0.5
2026-09-28T21:46:26Z,141.6,56193.9,637.7,,,0.0,0.0,,,,,,0.2
2026-09-28T21:46:31Z,146.8,56193.9,410.7,,,0.0,0.0,,,,,,0.0
2026-09-28T21:46:36Z,151.9,56193.9,4.6,,,0.0,0.0,,,,,,0.3
2026-09-28T21:46:48Z,157.1,56193.9,62.3,,,0.0,0.0,,,,,,0.5
2026-09-28T21:46:49Z,164.2,56193.9,172.1,,,0.0,0.0,,,,,,0.1
2026-09-28T21:46:54Z,169.2,56193.9,559.8,,,0.0,0.0,,,,,,0.0
2026-09-28T21:46:59Z,174.4,56193.9,129.7,,,0.0,0.0,,,,,,0.1
2026-09-28T21:47:04Z,179.5,56193.9,200.8,,,0.0,0.0,,,,,,0.1
2026-09-28T21:47:09Z,184.7,56193.9,10.0,,,0.0,0.0,,,,,,0.1
2026-09-28T21:47:14Z,189.8,56193.9,263.1,,,0.0,0.0,,,,,,0.2
2026-09-28T21:47:20Z,195.1,56193.9,50.4,,,0.0,0.0,,,,,,0.1
2026-09-28T21:47:25Z,200.5,56193.9,200.4,,,0.0,0.0,,,,,,0.1
2026-09-28T21:47:31Z,205.9,56193.9,36.3,,,0.0,0.0,,,,,,0.7
2026-09-28T21:47:35Z,210.9,56193.9,99.6,,,0.0,0.0,,,,,,0.2
2026-09-28T21:47:40Z,216.0,56193.9,1.4,,,0.0,0.0,,,,,,0.1
2026-09-28T21:47:46Z,221.0,56193.9,31.6,,,0.0,0.0,,,,,,0.5
2026-09-28T21:47:51Z,226.2,56193.9,107.0,,,0.0,0.0,,,,,,0.2
2026-09-28T21:47:56Z,231.3,56193.9,245.1,,,0.0,0.0,,,,,,0.0
2026-09-28T21:48:01Z,236.3,56193.9,503.0,,,0.0,0.0,,,,,,0.1
2026-09-28T21:48:06Z,241.3,56193.9,193.8,,,0.0,0.0,,,,,,0.1
2026-09-28T21:48:11Z,246.4,56193.9,231.5,,,0.0,0.0,,,,,,0.1
2026-09-28T21:48:16Z,251.4,56193.9,24.1,,,0.0,0.0,,,,,,0.1
2026-09-28T21:48:21Z,256.5,56193.9,271.2,,,0.0,0.0,,,,,,0.3
2026-09-28T21:48:26Z,261.6,56193.9,166.5,,,0.0,0.0,,,,,,0.0
2026-09-28T21:48:31Z,266.9,56193.9,52.7,,,0.0,0.0,,,,,,0.0
2026-09-28T21:48:37Z,272.1,56193.9,60.0,,,0.0,0.0,,,,,,0.0
2026-09-28T21:48:42Z,277.1,56193.9,189.0,,,0.0,0.0,,,,,,0.1
2026-09-28T21:48:47Z,282.1,56193.9,22.1,,,0.0,0.0,,,,,,0.4
2026-09-28T21:48:52Z,287.2,56193.9,194.4,,,0.0,0.0,,,,,,0.1
2026-09-28T21:48:57Z,292.2,56193.9,10.9,,,0.0,0.0,,,,,,0.1
2026-09-28T21:49:02Z,297.2,56193.9,22.4,,,0.0,0.0,,,,,,0.1
2026-09-28T21:49:07Z,302.3,56193.9,87.3,,,0.0,0.0,,,,,,0.2
2026-09-28T21:49:12Z,307.4,56193.9,196.8,,,0.0,0.0,,,,,,0.0
2026-09-28T21:49:17Z,312.5,56193.9,484.2,,,0.0,0.0,,,,,,0.0
2026-09-28T21:49:22Z,317.6,56193.9,108.6,,,0.0,0.0,,,,,,0.1
2026-09-28T21:49:27Z,322.6,56193.9,320.3,,,0.0,0.0,,,,,,0.0
2026-09-28T21:49:32Z,327.6,56193.9,345.7,,,0.0,0.0,,,,,,0.0
2026-09-28T21:49:37Z,332.8,56193.9,257.1,,,0.0,0.0,,,,,,0.0
2026-09-28T21:49:42Z,337.8,56193.9,344.1,,,0.0,0.0,,,,,,0.0
2026-09-28T21:49:47Z,342.8,56193.9,9.6,,,0.0,0.0,,,,,,0.1
2026-09-28T21:49:52Z,347.9,56193.9,56.5,,,0.0,0.0,,,,,,0.2
2026-09-28T21:49:58Z,352.9,56193.9,240.9,,,0.0,0.0,,,,,,0.2
2026-09-28T21:50:03Z,358.0,56193.9,35.1,,,0.0,0.0,,,,,,0.3
2026-09-28T21:50:08Z,363.2,56193.9,24.2,,,0.0,0.0,,,,,,1.1
2026-09-28T21:50:13Z,368.4,56193.9,3.0,,,0.0,0.0,,,,,,0.5
2026-09-28T21:50:18Z,373.4,56193.9,61.3,,,0.0,0.0,,,,,,0.2
2026-09-28T21:50:24Z,378.5,56193.9,47.6,,,0.0,0.0,,,,,,0.4
2026-09-28T21:50:28Z,383.5,56193.9,411.9,,,0.0,0.0,,,,,,0.0
2026-09-28T21:50:33Z,388.6,56193.9,235.4,,,0.0,0.0,,,,,,0.2
2026-09-28T21:50:38Z,393.6,56193.9,619.0,,,0.0,0.0,,,,,,0.4
2026-09-28T21:50:43Z,398.8,56193.9,441.7,,,0.0,0.0,,,,,,0.2
2026-09-28T21:50:49Z,404.0,56193.9,606.9,,,0.0,0.0,,,,,,0.0
2026-09-28T21:50:54Z,409.2,56193.9,539.1,,,0.0,0.0,,,,,,0.1
2026-09-28T21:50:59Z,414.2,56193.9,467.5,,,0.0,0.0,,,,,,0.1
2026-09-28T21:51:04Z,419.3,56193.9,421.3,,,0.0,0.0,,,,,,0.0
2026-09-28T21:51:09Z,424.4,56193.9,58.0,,,0.0,0.0,,,,,,0.3
2026-09-28T21:51:14Z,429.4,56193.9,383.0,,,0.0,0.0,,,,,,0.2
2026-09-28T21:51:19Z,434.6,56193.9,212.7,,,0.0,0.0,,,,,,0.1
2026-09-28T21:51:24Z,439.7,56193.9,280.1,,,0.0,0.0,,,,,,0.1
2026-09-28T21:51:29Z,444.9,56193.9,156.5,,,0.0,0.0,,,,,,0.3
2026-09-28T21:51:35Z,449.9,56193.9,169.4,,,0.0,0.0,,,,,,0.5
2026-09-28T21:51:39Z,455.0,56193.9,8.2,,,0.0,0.0,,,,,,0.1
2026-09-28T21:51:46Z,460.2,56193.9,59.1,,,0.0,0.0,,,,,,1.2
2026-09-28T21:51:51Z,465.5,56193.9,36.3,,,0.0,0.0,,,,,,1.7
2026-09-28T21:51:55Z,470.6,56193.9,3.5,,,0.0,0.0,,,,,,0.7
2026-09-28T21:52:00Z,475.7,56193.9,80.9,,,0.0,0.0,,,,,,0.2
2026-09-28T21:52:06Z,480.8,56193.9,453.2,,,0.0,0.0,,,,,,0.5
2026-09-28T21:52:12Z,486.2,56193.9,372.4,,,0.0,0.0,,,,,,0.1
2026-09-28T21:52:16Z,491.9,56193.9,540.9,,,0.0,0.0,,,,,,1.8
2026-09-28T21:52:22Z,497.3,56193.9,475.7,,,0.0,0.0,,,,,,0.8
2026-09-28T21:52:27Z,502.5,56193.9,456.6,,,0.0,0.0,,,,,,0.1
2026-09-28T21:52:32Z,507.5,56193.9,251.3,,,0.0,0.0,,,,,,0.2
2026-09-28T21:52:37Z,512.6,56193.9,233.1,,,0.0,0.0,,,,,,0.1
2026-09-28T21:52:42Z,517.6,56193.9,42.3,,,0.0,0.0,,,,,,0.2
2026-09-28T21:52:47Z,522.6,56193.9,108.1,,,0.0,0.0,,,,,,0.1
2026-09-28T21:52:52Z,527.6,56193.9,33.3,,,0.0,0.0,,,,,,0.1
2026-09-28T21:52:57Z,532.7,56193.9,126.1,,,0.0,0.0,,,,,,0.1
2026-09-28T21:53:02Z,537.7,56193.9,32.2,,,0.0,0.0,,,,,,0.1
2026-09-28T21:53:08Z,542.8,56193.9,261.5,,,0.0,0.0,,,,,,0.3
2026-09-28T21:53:13Z,548.0,56193.9,362.8,,,0.0,0.0,,,,,,0.7
2026-09-28T21:53:19Z,553.1,56193.9,253.8,,,0.0,0.0,,,,,,0.8
2026-09-28T21:53:24Z,558.4,56193.9,183.2,,,0.0,0.0,,,,,,1.0
2026-09-28T21:53:30Z,564.2,56193.9,744.9,,,0.0,0.0,,,,,,0.6
2026-09-28T21:53:34Z,569.2,56193.9,155.5,,,0.0,0.0,,,,,,0.1
2026-09-28T21:53:39Z,574.2,56193.9,123.4,,,0.0,0.0,,,,,,0.0
2026-09-28T21:53:44Z,579.2,56193.9,8.2,,,0.0,0.0,,,,,,0.4
2026-09-28T21:53:49Z,584.4,56193.9,74.5,,,0.0,0.0,,,,,,0.4
2026-09-28T21:53:54Z,589.4,56193.9,2.9,,,0.0,0.0,,,,,,0.3
2026-09-28T21:53:59Z,594.4,56193.9,69.0,,,0.0,0.0,,,,,,0.1
2026-09-28T21:54:04Z,599.5,56193.9,63.4,,,0.0,0.0,,,,,,0.1
2026-09-28T21:54:09Z,604.5,56193.9,7.0,,,0.0,0.0,,,,,,0.3
2026-09-28T21:54:15Z,609.7,56193.9,211.9,,,0.0,0.0,,,,,,0.7
2026-09-28T21:54:20Z,614.8,56193.9,191.1,,,0.0,0.0,,,,,,0.5
2026-09-28T21:54:24Z,619.8,56193.9,329.4,,,0.0,0.0,,,,,,0.0
2026-09-28T21:54:29Z,624.8,56193.9,482.4,,,0.0,0.0,,,,,,0.2
2026-09-28T21:54:34Z,629.9,56193.9,429.8,,,0.0,0.0,,,,,,0.1
2026-09-28T21:54:40Z,635.0,56193.9,231.4,,,0.0,0.0,,,,,,0.0
2026-09-28T21:54:45Z,640.0,56193.9,344.1,,,0.0,0.0,,,,,,0.1
2026-09-28T21:54:52Z,645.2,56193.9,237.1,,,0.0,0.0,,,,,,0.7
2026-09-28T21:54:56Z,650.5,56193.9,111.1,,,0.0,0.0,,,,,,0.0
2026-09-28T21:55:00Z,655.6,56193.9,71.8,,,0.0,0.0,,,,,,0.1
2026-09-28T21:55:05Z,660.7,56193.9,236.3,,,0.0,0.0,,,,,,0.7
2026-09-28T21:55:10Z,665.8,56193.9,83.3,,,0.0,0.0,,,,,,2.0
2026-09-28T21:55:17Z,671.4,56193.9,16.8,,,0.0,0.0,,,,,,0.6
2026-09-28T21:55:21Z,676.5,56193.9,190.3,,,0.0,0.0,,,,,,0.2
2026-09-28T21:55:26Z,681.5,56193.9,3.9,,,0.0,0.0,,,,,,0.3
2026-09-28T21:55:31Z,686.6,56193.9,220.6,,,0.0,0.0,,,,,,0.7
2026-09-28T21:55:36Z,691.6,56193.9,4.1,,,0.0,0.0,,,,,,0.1
2026-09-28T21:55:41Z,696.7,56193.9,411.4,,,0.0,0.0,,,,,,0.1
2026-09-28T21:55:47Z,701.7,56193.9,392.2,,,0.0,0.0,,,,,,0.4
2026-09-28T21:55:52Z,706.8,56193.9,447.9,,,0.0,0.0,,,,,,0.2
2026-09-28T21:55:56Z,711.8,56193.9,353.4,,,0.0,0.0,,,,,,0.0
2026-09-28T21:56:01Z,716.8,56193.9,456.2,,,0.0,0.0,,,,,,0.1
2026-09-28T21:56:07Z,722.0,56193.9,271.8,,,0.0,0.0,,,,,,0.0
2026-09-28T21:56:12Z,727.0,56193.9,155.1,,,0.0,0.0,,,,,,0.3
2026-09-28T21:56:17Z,732.1,56193.9,213.3,,,0.0,0.0,,,,,,0.3
2026-09-28T21:56:22Z,737.2,56193.9,102.4,,,0.0,0.0,,,,,,0.0
2026-09-28T21:56:27Z,742.5,56193.9,113.2,,,0.0,0.0,,,,,,0.7
2026-09-28T21:56:35Z,747.6,56193.9,21.1,,,0.0,0.0,,,,,,1.3
2026-09-28T21:56:38Z,752.8,56193.9,150.6,,,0.0,0.0,,,,,,0.5
2026-09-28T21:56:42Z,757.9,56193.9,338.4,,,0.0,0.0,,,,,,0.0
2026-09-28T21:56:49Z,763.5,56193.9,174.6,,,0.0,0.0,,,,,,0.0
2026-09-28T21:56:53Z,768.5,56193.9,143.5,,,0.0,0.0,,,,,,1.1
2026-09-28T21:56:58Z,773.7,56193.9,121.2,,,0.0,0.0,,,,,,0.3
2026-09-28T21:57:04Z,778.8,56193.9,238.4,,,0.0,0.0,,,,,,0.5
2026-09-28T21:57:09Z,784.1,56193.9,86.5,,,0.0,0.0,,,,,,0.6
2026-09-28T21:57:14Z,789.1,56193.9,100.2,,,0.0,0.0,,,,,,0.2
2026-09-28T21:57:19Z,794.2,56193.9,80.4,,,0.0,0.0,,,,,,0.3
2026-09-28T21:57:25Z,799.4,56193.9,264.7,,,0.0,0.0,,,,,,0.7
2026-09-28T21:57:29Z,804.6,56193.9,686.9,,,0.0,0.0,,,,,,0.1
2026-09-28T21:57:34Z,809.7,56193.9,336.9,,,0.0,0.0,,,,,,0.1
2026-09-28T21:57:39Z,814.8,56193.9,633.4,,,0.0,0.0,,,,,,0.3
2026-09-28T21:57:44Z,819.8,56193.9,446.3,,,0.0,0.0,,,,,,0.1
2026-09-28T21:57:50Z,825.0,56193.9,368.6,,,0.0,0.0,,,,,,0.1
2026-09-28T21:57:55Z,830.1,56193.9,297.7,,,0.0,0.0,,,,,,0.2
2026-09-28T21:58:00Z,835.1,56193.9,307.4,,,0.0,0.0,,,,,,0.3
2026-09-28T21:58:05Z,840.2,56193.9,42.5,,,0.0,0.0,,,,,,0.1
2026-09-28T21:58:10Z,845.7,56193.9,30.5,,,0.0,0.0,,,,,,1.0
2026-09-28T21:58:16Z,850.8,56193.9,5.5,,,0.0,0.0,,,,,,0.9
2026-09-28T21:58:20Z,855.8,56193.9,3.1,,,0.0,0.0,,,,,,0.2
2026-09-28T21:58:25Z,860.9,56193.9,33.4,,,0.0,0.0,,,,,,0.3
2026-09-28T21:58:31Z,865.9,56193.9,10.0,,,0.0,0.0,,,,,,0.8
2026-09-28T21:58:36Z,871.1,56193.9,102.3,,,0.0,0.0,,,,,,0.4
2026-09-28T21:58:41Z,876.2,56193.9,22.7,,,0.0,0.0,,,,,,0.0
2026-09-28T21:58:46Z,881.3,56193.9,4.6,,,0.0,0.0,,,,,,0.0
2026-09-28T21:58:51Z,886.3,56193.9,481.6,,,0.0,0.0,,,,,,0.3
2026-09-28T21:58:56Z,891.5,56193.9,345.3,,,0.0,0.0,,,,,,0.3
2026-09-28T21:59:01Z,896.5,56193.9,135.0,,,0.0,0.0,,,,,,0.1
2026-09-28T21:59:06Z,901.6,56193.9,216.6,,,0.0,0.0,,,,,,0.1
2026-09-28T21:59:11Z,906.7,56193.9,69.1,,,0.0,0.0,,,,,,0.2
2026-09-28T21:59:16Z,911.8,56193.9,18.5,,,0.0,0.0,,,,,,0.1
2026-09-28T21:59:21Z,916.8,56193.9,124.2,,,0.0,0.0,,,,,,0.0
2026-09-28T21:59:27Z,921.9,56193.9,80.1,,,0.0,0.0,,,,,,0.6
2026-09-28T21:59:32Z,927.1,56193.9,106.5,,,0.0,0.0,,,,,,0.0
2026-09-28T21:59:37Z,932.1,56193.9,165.1,,,0.0,0.0,,,,,,0.1
2026-09-28T21:59:44Z,937.2,56193.9,219.7,,,0.0,0.0,,,,,,1.1
2026-09-28T21:59:47Z,942.6,56193.9,10.3,,,0.0,0.0,,,,,,0.2
2026-09-28T21:59:53Z,947.8,56193.9,427.6,,,0.0,0.0,,,,,,0.2
2026-09-28T21:59:58Z,953.0,56193.9,528.9,,,0.0,0.0,,,,,,0.2
2026-09-28T22:00:03Z,958.1,56193.9,312.5,,,0.0,0.0,,,,,,0.2
2026-09-28T22:00:08Z,963.2,56193.9,150.5,,,0.0,0.0,,,,,,0.3
2026-09-28T22:00:13Z,968.2,56193.9,259.6,,,0.0,0.0,,,,,,0.3
2026-09-28T22:00:18Z,973.3,56193.9,113.0,,,0.0,0.0,,,,,,0.7
2026-09-28T22:00:24Z,978.4,56193.9,5.3,,,0.0,0.0,,,,,,1.3
2026-09-28T22:00:30Z,984.0,56193.9,10.6,,,0.0,0.0,,,,,,1.2
2026-09-28T22:00:35Z,989.1,56193.9,4.8,,,0.0,0.0,,,,,,1.2
2026-09-28T22:00:39Z,994.1,56193.9,3.3,,,0.0,0.0,,,,,,1.0
2026-09-28T22:00:44Z,999.2,56193.9,455.1,,,0.0,0.0,,,,,,0.4
2026-09-28T22:00:49Z,1004.2,56193.9,577.7,,,0.0,0.0,,,,,,0.5
2026-09-28T22:00:54Z,1009.4,56193.9,404.1,,,0.0,0.0,,,,,,0.0
2026-09-28T22:00:59Z,1014.4,56193.9,400.3,,,0.0,0.0,,,,,,0.0
2026-09-28T22:01:04Z,1019.4,56193.9,393.6,,,0.0,0.0,,,,,,0.0
2026-09-28T22:01:09Z,1024.5,56193.9,269.0,,,0.0,0.0,,,,,,0.0
2026-09-28T22:01:17Z,1029.9,56193.9,200.3,,,0.0,0.0,,,,,,1.9
2026-09-28T22:01:20Z,1035.0,56193.9,301.4,,,0.0,0.0,,,,,,0.2
2026-09-28T22:01:26Z,1040.4,56193.9,13.6,,,0.0,0.0,,,,,,0.4
2026-09-28T22:01:30Z,1045.6,56193.9,194.8,,,0.0,0.0,,,,,,1.5
2026-09-28T22:01:36Z,1050.9,56193.9,6.7,,,0.0,0.0,,,,,,0.1
2026-09-28T22:01:41Z,1056.0,56193.9,37.0,,,0.0,0.0,,,,,,0.2
2026-09-28T22:01:46Z,1061.1,56193.9,4.1,,,0.0,0.0,,,,,,0.2
2026-09-28T22:01:51Z,1066.1,56193.9,30.1,,,0.0,0.0,,,,,,0.2
2026-09-28T22:01:56Z,1071.2,56193.9,260.5,,,0.0,0.0,,,,,,0.5
2026-09-28T22:02:01Z,1076.2,56193.9,436.6,,,0.0,0.0,,,,,,0.0
2026-09-28T22:02:06Z,1081.4,56193.9,543.6,,,0.0,0.0,,,,,,0.2
2026-09-28T22:02:11Z,1086.5,56193.9,653.0,,,0.0,0.0,,,,,,0.5
2026-09-28T22:02:16Z,1091.6,56193.9,475.0,,,0.0,0.0,,,,,,0.2
2026-09-28T22:02:21Z,1096.6,56193.9,572.4,,,0.0,0.0,,,,,,0.2
2026-09-28T22:02:26Z,1101.7,56193.9,104.9,,,0.0,0.0,,,,,,0.1
2026-09-28T22:02:32Z,1106.9,56193.9,206.7,,,0.0,0.0,,,,,,0.4
2026-09-28T22:02:37Z,1112.1,56193.9,182.4,,,0.0,0.0,,,,,,0.5
2026-09-28T22:02:43Z,1117.5,56193.9,262.6,,,0.0,0.0,,,,,,0.1
2026-09-28T22:02:47Z,1122.5,56193.9,131.6,,,0.0,0.0,,,,,,0.1
2026-09-28T22:02:52Z,1127.6,56193.9,10.9,,,0.0,0.0,,,,,,0.4
2026-09-28T22:02:58Z,1132.7,56193.9,12.9,,,0.0,0.0,,,,,,0.4
2026-09-28T22:03:03Z,1137.8,56193.9,9.0,,,0.0,0.0,,,,,,1.0
2026-09-28T22:03:08Z,1142.8,56193.9,131.2,,,0.0,0.0,,,,,,0.9
2026-09-28T22:03:13Z,1147.9,56193.9,108.8,,,0.0,0.0,,,,,,1.8
2026-09-28T22:03:19Z,1153.3,56193.9,116.8,,,0.0,0.0,,,,,,2.0
2026-09-28T22:03:23Z,1158.6,56193.9,76.9,,,0.0,0.0,,,,,,0.2
2026-09-28T22:03:28Z,1163.6,56193.9,3.2,,,0.0,0.0,,,,,,0.3
2026-09-28T22:03:33Z,1168.7,56193.9,519.6,,,0.0,0.0,,,,,,0.0
2026-09-28T22:03:38Z,1173.7,56193.9,5455.6,,,0.0,0.0,,,,,,0.0
