SeLockMemoryPrivilege: ENABLED -- SeLockMemoryPrivilege enabled on this process's token
AWE chunk: requested 524288 pages, got 524288. held_mb=2048.0 avail_mb=45149.5
AWE chunk: requested 524288 pages, got 524288. held_mb=4096.0 avail_mb=43089.5
AWE chunk: requested 524288 pages, got 524288. held_mb=6144.0 avail_mb=41052.9
AWE chunk: requested 524288 pages, got 524288. held_mb=8192.0 avail_mb=39001.3
AWE chunk: requested 524288 pages, got 524288. held_mb=10240.0 avail_mb=36949.2
AWE chunk: requested 524288 pages, got 524288. held_mb=12288.0 avail_mb=34898.0
AWE chunk: requested 524288 pages, got 524288. held_mb=14336.0 avail_mb=32847.6
AWE chunk: requested 524288 pages, got 524288. held_mb=16384.0 avail_mb=30795.8
AWE chunk: requested 524288 pages, got 524288. held_mb=18432.0 avail_mb=28744.0
AWE chunk: requested 524288 pages, got 524288. held_mb=20480.0 avail_mb=26692.6
AWE chunk: requested 524288 pages, got 524288. held_mb=22528.0 avail_mb=24637.2
AWE chunk: requested 524288 pages, got 524288. held_mb=24576.0 avail_mb=22585.9
AWE chunk: requested 524288 pages, got 524288. held_mb=26624.0 avail_mb=20531.9
AWE chunk: requested 524288 pages, got 524288. held_mb=28672.0 avail_mb=18482.6
AWE chunk: requested 524288 pages, got 524288. held_mb=30720.0 avail_mb=16429.6
AWE chunk: requested 524288 pages, got 524288. held_mb=32768.0 avail_mb=14374.9
AWE chunk: requested 358896 pages, got 358896. held_mb=34169.9 avail_mb=12322.7
TARGET REACHED (or best effort). mechanism=AWE held_mb=34169.9 available_mb=10919.3 target_available_mb=10920.740600585938
2026-10-05T01:31:48Z,0.0,34169.9,10919.3,,,0.0,0.0,,,,,,0.0
2026-10-05T01:31:53Z,5.0,34169.9,10915.7,,,0.0,0.0,,,,,,0.0
2026-10-05T01:31:58Z,10.0,34169.9,10910.1,,,0.0,0.0,,,,,,0.0
2026-10-05T01:32:03Z,15.0,34169.9,10909.1,,,0.0,0.0,,,,,,0.0
2026-10-05T01:32:08Z,20.0,34169.9,10908.1,,,0.0,0.0,,,,,,0.0
2026-10-05T01:32:13Z,25.0,34169.9,8975.5,,,0.0,0.0,,,,,,0.0
2026-10-05T01:32:18Z,30.0,34169.9,8971.5,,,0.0,0.0,,,,,,0.0
2026-10-05T01:32:23Z,35.0,34169.9,8978.7,,,0.0,0.0,,,,,,0.0
2026-10-05T01:32:28Z,40.0,34169.9,8982.4,,,0.0,0.0,,,,,,0.0
2026-10-05T01:32:33Z,45.0,34169.9,8991.8,,,0.0,0.0,,,,,,0.0
2026-10-05T01:32:38Z,50.0,34169.9,8989.4,,,0.0,0.0,,,,,,0.0
2026-10-05T01:32:43Z,55.0,34169.9,8990.3,,,0.0,0.0,,,,,,0.0
2026-10-05T01:32:48Z,60.0,34169.9,8990.8,,,0.0,0.0,,,,,,0.0
2026-10-05T01:32:53Z,65.0,34169.9,8989.1,,,0.0,0.0,,,,,,0.0
2026-10-05T01:32:58Z,70.0,34169.9,8985.1,,,0.0,0.0,,,,,,0.0
2026-10-05T01:33:03Z,75.0,34169.9,8983.8,,,0.0,0.0,,,,,,0.0
2026-10-05T01:33:08Z,80.0,34169.9,8983.8,,,0.0,0.0,,,,,,0.0
2026-10-05T01:33:13Z,85.0,34169.9,8985.1,,,0.0,0.0,,,,,,0.0
2026-10-05T01:33:18Z,90.0,34169.9,10903.8,,,0.0,0.0,,,,,,0.0
2026-10-05T01:33:23Z,95.0,34169.9,10904.2,,,0.0,0.0,,,,,,0.0
2026-10-05T01:33:28Z,100.0,34169.9,10889.8,,,0.0,0.0,,,,,,0.0
2026-10-05T01:33:33Z,105.0,34169.9,10894.2,,,0.0,0.0,,,,,,0.0
2026-10-05T01:33:38Z,110.0,34169.9,10895.2,,,0.0,0.0,,,,,,0.0
2026-10-05T01:33:43Z,115.0,34169.9,10869.5,,,0.0,0.0,,,,,,0.0
2026-10-05T01:33:48Z,120.0,34169.9,10893.5,,,0.0,0.0,,,,,,0.0
2026-10-05T01:33:53Z,125.0,34169.9,10911.6,,,0.0,0.0,,,,,,0.0
2026-10-05T01:33:58Z,130.0,34169.9,10905.9,,,0.0,0.0,,,,,,0.0
2026-10-05T01:34:03Z,135.0,34169.9,10911.2,,,0.0,0.0,,,,,,0.0
2026-10-05T01:34:08Z,140.0,34169.9,10908.2,,,0.0,0.0,,,,,,0.0
2026-10-05T01:34:13Z,145.0,34169.9,10913.2,,,0.0,0.0,,,,,,0.0
2026-10-05T01:34:18Z,150.0,34169.9,10915.3,,,0.0,0.0,,,,,,0.0
2026-10-05T01:34:23Z,155.0,34169.9,10914.0,,,0.0,0.0,,,,,,0.0
2026-10-05T01:34:28Z,160.0,34169.9,10917.9,,,0.0,0.0,,,,,,0.0
2026-10-05T01:34:33Z,165.0,34169.9,9014.4,,,0.0,0.0,,,,,,0.0
2026-10-05T01:34:38Z,170.0,34169.9,8990.7,,,0.0,0.0,,,,,,0.0
2026-10-05T01:34:43Z,175.0,34169.9,8990.7,,,0.0,0.0,,,,,,0.0
2026-10-05T01:34:48Z,180.0,34169.9,8990.3,,,0.0,0.0,,,,,,0.0
2026-10-05T01:34:53Z,185.0,34169.9,8990.7,,,0.0,0.0,,,,,,0.0
2026-10-05T01:34:58Z,190.0,34169.9,8987.8,,,0.0,0.0,,,,,,0.0
2026-10-05T01:35:03Z,195.0,34169.9,8987.6,,,0.0,0.0,,,,,,0.0
2026-10-05T01:35:08Z,200.0,34169.9,8986.2,,,0.0,0.0,,,,,,0.0
2026-10-05T01:35:13Z,205.0,34169.9,8987.2,,,0.0,0.0,,,,,,0.0
2026-10-05T01:35:18Z,210.0,34169.9,8987.6,,,0.0,0.0,,,,,,0.0
2026-10-05T01:35:23Z,215.0,34169.9,8985.7,,,0.0,0.0,,,,,,0.0
2026-10-05T01:35:28Z,220.0,34169.9,8986.6,,,0.0,0.0,,,,,,0.0
2026-10-05T01:35:33Z,225.0,34169.9,8988.7,,,0.0,0.0,,,,,,0.0
2026-10-05T01:35:38Z,230.0,34169.9,10905.2,,,0.0,0.0,,,,,,0.0
2026-10-05T01:35:43Z,235.0,34169.9,10907.9,,,0.0,0.0,,,,,,0.0
2026-10-05T01:35:48Z,240.0,34169.9,10907.7,,,0.0,0.0,,,,,,0.0
2026-10-05T01:35:53Z,245.0,34169.9,10907.4,,,0.0,0.0,,,,,,0.0
2026-10-05T01:35:58Z,250.0,34169.9,10901.1,,,0.0,0.0,,,,,,0.0
2026-10-05T01:36:03Z,255.0,34169.9,10898.7,,,0.0,0.0,,,,,,0.0
2026-10-05T01:36:08Z,260.0,34169.9,10897.9,,,0.0,0.0,,,,,,0.0
2026-10-05T01:36:13Z,265.0,34169.9,10913.0,,,0.0,0.0,,,,,,0.0
2026-10-05T01:36:18Z,270.0,34169.9,10911.8,,,0.0,0.0,,,,,,0.0
2026-10-05T01:36:23Z,275.0,34169.9,10911.5,,,0.0,0.0,,,,,,0.0
2026-10-05T01:36:28Z,280.0,34169.9,10914.7,,,0.0,0.0,,,,,,0.0
2026-10-05T01:36:33Z,285.0,34169.9,10910.1,,,0.0,0.0,,,,,,0.0
2026-10-05T01:36:38Z,290.0,34169.9,10915.0,,,0.0,0.0,,,,,,0.0
2026-10-05T01:36:43Z,295.0,34169.9,10916.8,,,0.0,0.0,,,,,,0.0
2026-10-05T01:36:48Z,300.0,34169.9,10917.4,,,0.0,0.0,,,,,,0.0
2026-10-05T01:36:53Z,305.0,34169.9,10918.6,,,0.0,0.0,,,,,,0.0
2026-10-05T01:36:58Z,310.0,34169.9,9007.6,,,0.0,0.0,,,,,,0.0
2026-10-05T01:37:03Z,315.0,34169.9,8981.1,,,0.0,0.0,,,,,,0.0
2026-10-05T01:37:08Z,320.0,34169.9,8979.8,,,0.0,0.0,,,,,,0.0
2026-10-05T01:37:13Z,325.0,34169.9,8979.9,,,0.0,0.0,,,,,,0.0
2026-10-05T01:37:18Z,330.0,34169.9,8973.4,,,0.0,0.0,,,,,,0.0
2026-10-05T01:37:23Z,335.0,34169.9,8974.1,,,0.0,0.0,,,,,,0.0
2026-10-05T01:37:28Z,340.0,34169.9,8977.7,,,0.0,0.0,,,,,,0.0
2026-10-05T01:37:33Z,345.0,34169.9,8979.7,,,0.0,0.0,,,,,,0.0
2026-10-05T01:37:38Z,350.0,34169.9,8981.0,,,0.0,0.0,,,,,,0.0
2026-10-05T01:37:43Z,355.0,34169.9,8982.2,,,0.0,0.0,,,,,,0.0
2026-10-05T01:37:48Z,360.0,34169.9,8983.0,,,0.0,0.0,,,,,,0.0
2026-10-05T01:37:53Z,365.0,34169.9,8981.6,,,0.0,0.0,,,,,,0.0
2026-10-05T01:37:58Z,370.0,34169.9,8977.7,,,0.0,0.0,,,,,,0.0
2026-10-05T01:38:03Z,375.0,34169.9,10893.0,,,0.0,0.0,,,,,,0.0
2026-10-05T01:38:08Z,380.0,34169.9,10893.3,,,0.0,0.0,,,,,,0.0
2026-10-05T01:38:13Z,385.0,34169.9,10897.1,,,0.0,0.0,,,,,,0.0
2026-10-05T01:38:18Z,390.0,34169.9,10899.4,,,0.0,0.0,,,,,,0.0
2026-10-05T01:38:23Z,395.0,34169.9,10896.7,,,0.0,0.0,,,,,,0.0
2026-10-05T01:38:28Z,400.0,34169.9,10899.7,,,0.0,0.0,,,,,,0.0
2026-10-05T01:38:33Z,405.0,34169.9,10900.1,,,0.0,0.0,,,,,,0.0
2026-10-05T01:38:38Z,410.0,34169.9,10919.6,,,0.0,0.0,,,,,,0.0
2026-10-05T01:38:43Z,415.0,34169.9,10919.9,,,0.0,0.0,,,,,,0.0
2026-10-05T01:38:48Z,420.0,34169.9,10920.3,,,0.0,0.0,,,,,,0.0
2026-10-05T01:38:53Z,425.0,34169.9,10916.4,,,0.0,0.0,,,,,,0.0
