SeLockMemoryPrivilege: ENABLED -- SeLockMemoryPrivilege enabled on this process's token
AWE chunk: requested 524288 pages, got 524288. held_mb=2048.0 avail_mb=32244.5
AWE chunk: requested 524288 pages, got 524288. held_mb=4096.0 avail_mb=30194.4
AWE chunk: requested 77281 pages, got 77281. held_mb=4397.9 avail_mb=28140.5
TARGET REACHED (or best effort). mechanism=AWE held_mb=4397.9 available_mb=27839.0 target_available_mb=27838.65396118164
2026-10-05T06:46:34Z,0.0,4397.9,27839.0,,,0.0,0.0,,,,,,0.0
2026-10-05T06:46:39Z,5.0,4397.9,27839.5,,,0.0,0.0,,,,,,0.0
2026-10-05T06:46:44Z,10.0,4397.9,27839.7,,,0.0,0.0,,,,,,0.0
2026-10-05T06:46:49Z,15.0,4397.9,27840.3,,,0.0,0.0,,,,,,0.0
2026-10-05T06:46:54Z,20.0,4397.9,27836.8,,,0.0,0.0,,,,,,0.0
2026-10-05T06:46:59Z,25.0,4397.9,27837.6,,,0.0,0.0,,,,,,0.0
2026-10-05T06:47:04Z,30.0,4397.9,27834.6,,,0.0,0.0,,,,,,0.0
2026-10-05T06:47:09Z,35.0,4397.9,27833.2,,,0.0,0.0,,,,,,0.0
2026-10-05T06:47:14Z,40.0,4397.9,27832.7,,,0.0,0.0,,,,,,0.0
2026-10-05T06:47:19Z,45.0,4397.9,27782.1,,,0.0,0.0,,,,,,0.0
2026-10-05T06:47:24Z,50.0,4397.9,27834.0,,,0.0,0.0,,,,,,0.0
2026-10-05T06:47:29Z,55.0,4397.9,27835.0,,,0.0,0.0,,,,,,0.0
2026-10-05T06:47:34Z,60.0,4397.9,27838.7,,,0.0,0.0,,,,,,0.0
2026-10-05T06:47:39Z,65.0,4397.9,27838.9,,,0.0,0.0,,,,,,0.0
2026-10-05T06:47:44Z,70.0,4397.9,27838.9,,,0.0,0.0,,,,,,0.0
2026-10-05T06:47:49Z,75.0,4397.9,27838.4,,,0.0,0.0,,,,,,0.0
2026-10-05T06:47:54Z,80.0,4397.9,27834.7,,,0.0,0.0,,,,,,0.0
2026-10-05T06:47:59Z,85.0,4397.9,27834.6,,,0.0,0.0,,,,,,0.0
2026-10-05T06:48:04Z,90.0,4397.9,27835.0,,,0.0,0.0,,,,,,0.0
2026-10-05T06:48:09Z,95.0,4397.9,27834.3,,,0.0,0.0,,,,,,0.0
2026-10-05T06:48:14Z,100.0,4397.9,27835.1,,,0.0,0.0,,,,,,0.0
2026-10-05T06:48:19Z,105.0,4397.9,27835.8,,,0.0,0.0,,,,,,0.0
2026-10-05T06:48:24Z,110.0,4397.9,27837.7,,,0.0,0.0,,,,,,0.0
2026-10-05T06:48:29Z,115.0,4397.9,27839.2,,,0.0,0.0,,,,,,0.0
2026-10-05T06:48:34Z,120.0,4397.9,27839.9,,,0.0,0.0,,,,,,0.0
2026-10-05T06:48:39Z,125.0,4397.9,27841.0,,,0.0,0.0,,,,,,0.0
2026-10-05T06:48:44Z,130.0,4397.9,27843.2,,,0.0,0.0,,,,,,0.0
2026-10-05T06:48:49Z,135.0,4397.9,27843.7,,,0.0,0.0,,,,,,0.0
2026-10-05T06:48:54Z,140.0,4397.9,27836.3,,,0.0,0.0,,,,,,0.0
2026-10-05T06:48:59Z,145.0,4397.9,27836.3,,,0.0,0.0,,,,,,0.0
2026-10-05T06:49:04Z,150.0,4397.9,27836.6,,,0.0,0.0,,,,,,0.0
2026-10-05T06:49:09Z,155.0,4397.9,27836.1,,,0.0,0.0,,,,,,0.0
2026-10-05T06:49:14Z,160.0,4397.9,27842.4,,,0.0,0.0,,,,,,0.0
2026-10-05T06:49:19Z,165.0,4397.9,27843.6,,,0.0,0.0,,,,,,0.0
2026-10-05T06:49:24Z,170.0,4397.9,27842.0,,,0.0,0.0,,,,,,0.0
2026-10-05T06:49:29Z,175.0,4397.9,27842.7,,,0.0,0.0,,,,,,0.0
2026-10-05T06:49:34Z,180.0,4397.9,27846.1,,,0.0,0.0,,,,,,0.0
2026-10-05T06:49:39Z,185.0,4397.9,27845.9,,,0.0,0.0,,,,,,0.0
2026-10-05T06:49:44Z,190.0,4397.9,27845.6,,,0.0,0.0,,,,,,0.0
2026-10-05T06:49:49Z,195.0,4397.9,27846.4,,,0.0,0.0,,,,,,0.0
2026-10-05T06:49:54Z,200.0,4397.9,27842.4,,,0.0,0.0,,,,,,0.0
2026-10-05T06:49:59Z,205.0,4397.9,27977.4,,,0.0,0.0,,,,,,0.0
2026-10-05T06:50:04Z,210.0,4397.9,27732.0,,,0.0,0.0,,,,,,0.0
2026-10-05T06:50:09Z,215.0,4397.9,27806.8,,,0.0,0.0,,,,,,0.0
2026-10-05T06:50:14Z,220.0,4397.9,27817.3,,,0.0,0.0,,,,,,0.0
2026-10-05T06:50:19Z,225.0,4397.9,27818.7,,,0.0,0.0,,,,,,0.0
2026-10-05T06:50:24Z,230.0,4397.9,27818.5,,,0.0,0.0,,,,,,0.0
2026-10-05T06:50:29Z,235.0,4397.9,27818.4,,,0.0,0.0,,,,,,0.0
2026-10-05T06:50:34Z,240.0,4397.9,27841.1,,,0.0,0.0,,,,,,0.0
2026-10-05T06:50:39Z,245.0,4397.9,27842.5,,,0.0,0.0,,,,,,0.0
2026-10-05T06:50:44Z,250.0,4397.9,27841.9,,,0.0,0.0,,,,,,0.0
2026-10-05T06:50:49Z,255.0,4397.9,27842.6,,,0.0,0.0,,,,,,0.0
2026-10-05T06:50:54Z,260.0,4397.9,27834.1,,,0.0,0.0,,,,,,0.0
2026-10-05T06:50:59Z,265.0,4397.9,27833.2,,,0.0,0.0,,,,,,0.0
2026-10-05T06:51:04Z,270.0,4397.9,27832.1,,,0.0,0.0,,,,,,0.0
2026-10-05T06:51:09Z,275.0,4397.9,27825.9,,,0.0,0.0,,,,,,0.0
2026-10-05T06:51:14Z,280.0,4397.9,27826.3,,,0.0,0.0,,,,,,0.0
2026-10-05T06:51:19Z,285.0,4397.9,27827.4,,,0.0,0.0,,,,,,0.0
2026-10-05T06:51:24Z,290.0,4397.9,27834.0,,,0.0,0.0,,,,,,0.0
2026-10-05T06:51:29Z,295.0,4397.9,27832.8,,,0.0,0.0,,,,,,0.0
2026-10-05T06:51:34Z,300.0,4397.9,27834.0,,,0.0,0.0,,,,,,0.0
2026-10-05T06:51:39Z,305.0,4397.9,27843.0,,,0.0,0.0,,,,,,0.0
2026-10-05T06:51:44Z,310.0,4397.9,27842.7,,,0.0,0.0,,,,,,0.0
2026-10-05T06:51:49Z,315.0,4397.9,27840.8,,,0.0,0.0,,,,,,0.0
2026-10-05T06:51:54Z,320.0,4397.9,27837.2,,,0.0,0.0,,,,,,0.0
2026-10-05T06:51:59Z,325.0,4397.9,27837.3,,,0.0,0.0,,,,,,0.0
2026-10-05T06:52:04Z,330.0,4397.9,27836.5,,,0.0,0.0,,,,,,0.0
2026-10-05T06:52:09Z,335.0,4397.9,27837.0,,,0.0,0.0,,,,,,0.0
2026-10-05T06:52:14Z,340.0,4397.9,27836.9,,,0.0,0.0,,,,,,0.0
2026-10-05T06:52:19Z,345.0,4397.9,27837.6,,,0.0,0.0,,,,,,0.0
2026-10-05T06:52:24Z,350.0,4397.9,27838.9,,,0.0,0.0,,,,,,0.0
2026-10-05T06:52:29Z,355.0,4397.9,27839.0,,,0.0,0.0,,,,,,0.0
2026-10-05T06:52:34Z,360.0,4397.9,27840.5,,,0.0,0.0,,,,,,0.0
2026-10-05T06:52:39Z,365.0,4397.9,27841.0,,,0.0,0.0,,,,,,0.0
2026-10-05T06:52:44Z,370.0,4397.9,27840.4,,,0.0,0.0,,,,,,0.0
2026-10-05T06:52:49Z,375.0,4397.9,27841.4,,,0.0,0.0,,,,,,0.0
2026-10-05T06:52:54Z,380.0,4397.9,27834.9,,,0.0,0.0,,,,,,0.0
2026-10-05T06:52:59Z,385.0,4397.9,27835.4,,,0.0,0.0,,,,,,0.0
2026-10-05T06:53:04Z,390.0,4397.9,27835.3,,,0.0,0.0,,,,,,0.0
2026-10-05T06:53:09Z,395.0,4397.9,27835.3,,,0.0,0.0,,,,,,0.0
2026-10-05T06:53:14Z,400.0,4397.9,27836.2,,,0.0,0.0,,,,,,0.0
2026-10-05T06:53:19Z,405.0,4397.9,27836.6,,,0.0,0.0,,,,,,0.0
2026-10-05T06:53:24Z,410.0,4397.9,27838.5,,,0.0,0.0,,,,,,0.0
2026-10-05T06:53:29Z,415.1,4397.9,27837.8,,,0.0,0.0,,,,,,0.0
2026-10-05T06:53:34Z,420.1,4397.9,27839.0,,,0.0,0.0,,,,,,0.0
2026-10-05T06:53:39Z,425.1,4397.9,27839.2,,,0.0,0.0,,,,,,0.0
2026-10-05T06:53:44Z,430.1,4397.9,27812.8,,,0.0,0.0,,,,,,0.0
2026-10-05T06:53:49Z,435.1,4397.9,27837.3,,,0.0,0.0,,,,,,0.0
2026-10-05T06:53:54Z,440.1,4397.9,27832.0,,,0.0,0.0,,,,,,0.0
2026-10-05T06:53:59Z,445.1,4397.9,27832.5,,,0.0,0.0,,,,,,0.0
2026-10-05T06:54:04Z,450.1,4397.9,27831.7,,,0.0,0.0,,,,,,0.0
2026-10-05T06:54:09Z,455.1,4397.9,27838.2,,,0.0,0.0,,,,,,0.0
2026-10-05T06:54:14Z,460.1,4397.9,27838.3,,,0.0,0.0,,,,,,0.0
2026-10-05T06:54:19Z,465.1,4397.9,27839.1,,,0.0,0.0,,,,,,0.0
2026-10-05T06:54:24Z,470.1,4397.9,27847.7,,,0.0,0.0,,,,,,0.0
2026-10-05T06:54:29Z,475.1,4397.9,27848.2,,,0.0,0.0,,,,,,0.0
2026-10-05T06:54:34Z,480.1,4397.9,27850.3,,,0.0,0.0,,,,,,0.0
2026-10-05T06:54:39Z,485.1,4397.9,27850.9,,,0.0,0.0,,,,,,0.0
2026-10-05T06:54:44Z,490.1,4397.9,27850.4,,,0.0,0.0,,,,,,0.0
2026-10-05T06:54:49Z,495.1,4397.9,27841.7,,,0.0,0.0,,,,,,0.0
2026-10-05T06:54:54Z,500.1,4397.9,27850.7,,,0.0,0.0,,,,,,0.0
2026-10-05T06:54:59Z,505.1,4397.9,27850.0,,,0.0,0.0,,,,,,0.0
2026-10-05T06:55:04Z,510.1,4397.9,27848.6,,,0.0,0.0,,,,,,0.0
2026-10-05T06:55:09Z,515.1,4397.9,27847.0,,,0.0,0.0,,,,,,0.0
2026-10-05T06:55:14Z,520.1,4397.9,27844.6,,,0.0,0.0,,,,,,0.0
2026-10-05T06:55:19Z,525.1,4397.9,27843.6,,,0.0,0.0,,,,,,0.0
2026-10-05T06:55:24Z,530.1,4397.9,27844.9,,,0.0,0.0,,,,,,0.0
2026-10-05T06:55:29Z,535.1,4397.9,27844.9,,,0.0,0.0,,,,,,0.0
2026-10-05T06:55:34Z,540.1,4397.9,27845.3,,,0.0,0.0,,,,,,0.0
2026-10-05T06:55:39Z,545.1,4397.9,27845.6,,,0.0,0.0,,,,,,0.0
2026-10-05T06:55:44Z,550.1,4397.9,27843.0,,,0.0,0.0,,,,,,0.0
2026-10-05T06:55:49Z,555.1,4397.9,27844.3,,,0.0,0.0,,,,,,0.0
2026-10-05T06:55:54Z,560.1,4397.9,27839.5,,,0.0,0.0,,,,,,0.0
2026-10-05T06:55:59Z,565.1,4397.9,27839.2,,,0.0,0.0,,,,,,0.0
2026-10-05T06:56:04Z,570.1,4397.9,30249.3,,,0.0,0.0,,,,,,0.0
2026-10-05T06:56:09Z,575.1,4397.9,27840.0,,,0.0,0.0,,,,,,0.0
2026-10-05T06:56:14Z,580.1,4397.9,27840.3,,,0.0,0.0,,,,,,0.0
2026-10-05T06:56:19Z,585.1,4397.9,27840.8,,,0.0,0.0,,,,,,0.0
2026-10-05T06:56:24Z,590.1,4397.9,27843.8,,,0.0,0.0,,,,,,0.0
2026-10-05T06:56:29Z,595.1,4397.9,27844.6,,,0.0,0.0,,,,,,0.0
2026-10-05T06:56:34Z,600.1,4397.9,27846.2,,,0.0,0.0,,,,,,0.0
2026-10-05T06:56:39Z,605.1,4397.9,27846.9,,,0.0,0.0,,,,,,0.0
2026-10-05T06:56:44Z,610.1,4397.9,27846.8,,,0.0,0.0,,,,,,0.0
2026-10-05T06:56:49Z,615.1,4397.9,27846.3,,,0.0,0.0,,,,,,0.0
2026-10-05T06:56:54Z,620.1,4397.9,27840.8,,,0.0,0.0,,,,,,0.0
2026-10-05T06:56:59Z,625.1,4397.9,27840.5,,,0.0,0.0,,,,,,0.0
2026-10-05T06:57:04Z,630.1,4397.9,27839.0,,,0.0,0.0,,,,,,0.0
2026-10-05T06:57:09Z,635.1,4397.9,27838.9,,,0.0,0.0,,,,,,0.0
2026-10-05T06:57:14Z,640.1,4397.9,27844.4,,,0.0,0.0,,,,,,0.0
2026-10-05T06:57:19Z,645.1,4397.9,27831.1,,,0.0,0.0,,,,,,0.0
2026-10-05T06:57:24Z,650.1,4397.9,27839.5,,,0.0,0.0,,,,,,0.0
2026-10-05T06:57:29Z,655.1,4397.9,27838.8,,,0.0,0.0,,,,,,0.0
2026-10-05T06:57:34Z,660.1,4397.9,27841.1,,,0.0,0.0,,,,,,0.0
2026-10-05T06:57:39Z,665.1,4397.9,27839.8,,,0.0,0.0,,,,,,0.0
2026-10-05T06:57:44Z,670.1,4397.9,27839.6,,,0.0,0.0,,,,,,0.0
2026-10-05T06:57:49Z,675.1,4397.9,27841.4,,,0.0,0.0,,,,,,0.0
2026-10-05T06:57:54Z,680.1,4397.9,27838.2,,,0.0,0.0,,,,,,0.0
2026-10-05T06:57:59Z,685.1,4397.9,27838.2,,,0.0,0.0,,,,,,0.0
2026-10-05T06:58:04Z,690.1,4397.9,27839.0,,,0.0,0.0,,,,,,0.0
2026-10-05T06:58:09Z,695.1,4397.9,27839.9,,,0.0,0.0,,,,,,0.0
2026-10-05T06:58:14Z,700.1,4397.9,27839.1,,,0.0,0.0,,,,,,0.0
2026-10-05T06:58:19Z,705.1,4397.9,27839.8,,,0.0,0.0,,,,,,0.0
2026-10-05T06:58:24Z,710.1,4397.9,27843.5,,,0.0,0.0,,,,,,0.0
2026-10-05T06:58:29Z,715.1,4397.9,27843.3,,,0.0,0.0,,,,,,0.0
2026-10-05T06:58:34Z,720.1,4397.9,27844.9,,,0.0,0.0,,,,,,0.0
2026-10-05T06:58:39Z,725.1,4397.9,27845.5,,,0.0,0.0,,,,,,0.0
2026-10-05T06:58:44Z,730.1,4397.9,27845.8,,,0.0,0.0,,,,,,0.0
2026-10-05T06:58:49Z,735.1,4397.9,27846.0,,,0.0,0.0,,,,,,0.0
2026-10-05T06:58:54Z,740.1,4397.9,27839.6,,,0.0,0.0,,,,,,0.0
2026-10-05T06:58:59Z,745.1,4397.9,27839.7,,,0.0,0.0,,,,,,0.0
2026-10-05T06:59:04Z,750.1,4397.9,27839.2,,,0.0,0.0,,,,,,0.0
2026-10-05T06:59:09Z,755.1,4397.9,27838.4,,,0.0,0.0,,,,,,0.0
2026-10-05T06:59:14Z,760.1,4397.9,27838.5,,,0.0,0.0,,,,,,0.0
2026-10-05T06:59:19Z,765.1,4397.9,27741.9,,,0.0,0.0,,,,,,0.0
2026-10-05T06:59:24Z,770.1,4397.9,27746.3,,,0.0,0.0,,,,,,0.0
2026-10-05T06:59:29Z,775.1,4397.9,27748.4,,,0.0,0.0,,,,,,0.0
2026-10-05T06:59:34Z,780.1,4397.9,27736.2,,,0.0,0.0,,,,,,0.0
2026-10-05T06:59:39Z,785.1,4397.9,27745.1,,,0.0,0.0,,,,,,0.0
2026-10-05T06:59:44Z,790.1,4397.9,27742.3,,,0.0,0.0,,,,,,0.0
2026-10-05T06:59:49Z,795.1,4397.9,27740.4,,,0.0,0.0,,,,,,0.0
2026-10-05T06:59:54Z,800.1,4397.9,27742.7,,,0.0,0.0,,,,,,0.0
2026-10-05T06:59:59Z,805.1,4397.9,27749.1,,,0.0,0.0,,,,,,0.0
2026-10-05T07:00:04Z,810.1,4397.9,27750.3,,,0.0,0.0,,,,,,0.0
2026-10-05T07:00:09Z,815.1,4397.9,27750.8,,,0.0,0.0,,,,,,0.0
2026-10-05T07:00:14Z,820.1,4397.9,27746.9,,,0.0,0.0,,,,,,0.0
