SeLockMemoryPrivilege: ENABLED -- SeLockMemoryPrivilege enabled on this process's token
TARGET REACHED (or best effort). mechanism=None held_mb=0.0 available_mb=48756.4 target_available_mb=48518.61227416992
2026-10-05T10:49:29Z,0.0,0.0,48756.4,,,0.0,0.0,,,,,,0.0
2026-10-05T10:49:34Z,5.0,0.0,48761.1,,,0.0,0.0,,,,,,0.0
2026-10-05T10:49:39Z,10.0,0.0,48761.3,,,0.0,0.0,,,,,,0.0
2026-10-05T10:49:44Z,15.0,0.0,48760.0,,,0.0,0.0,,,,,,0.0
2026-10-05T10:49:49Z,20.0,0.0,48758.2,,,0.0,0.0,,,,,,0.0
2026-10-05T10:49:54Z,25.0,0.0,48759.4,,,0.0,0.0,,,,,,0.0
2026-10-05T10:49:59Z,30.0,0.0,48757.9,,,0.0,0.0,,,,,,0.0
2026-10-05T10:50:04Z,35.0,0.0,48754.6,,,0.0,0.0,,,,,,0.0
2026-10-05T10:50:09Z,40.0,0.0,48749.5,,,0.0,0.0,,,,,,0.0
2026-10-05T10:50:14Z,45.0,0.0,48750.0,,,0.0,0.0,,,,,,0.0
2026-10-05T10:50:19Z,50.0,0.0,48749.1,,,0.0,0.0,,,,,,0.0
2026-10-05T10:50:24Z,55.0,0.0,48747.5,,,0.0,0.0,,,,,,0.0
2026-10-05T10:50:29Z,60.0,0.0,48747.8,,,0.0,0.0,,,,,,0.0
2026-10-05T10:50:34Z,65.0,0.0,48748.9,,,0.0,0.0,,,,,,0.0
2026-10-05T10:50:39Z,70.0,0.0,48748.8,,,0.0,0.0,,,,,,0.0
2026-10-05T10:50:44Z,75.0,0.0,48749.8,,,0.0,0.0,,,,,,0.0
2026-10-05T10:50:49Z,80.0,0.0,48750.7,,,0.0,0.0,,,,,,0.0
2026-10-05T10:50:54Z,85.0,0.0,48744.5,,,0.0,0.0,,,,,,0.0
2026-10-05T10:50:59Z,90.0,0.0,48747.4,,,0.0,0.0,,,,,,0.0
2026-10-05T10:51:04Z,95.0,0.0,48750.4,,,0.0,0.0,,,,,,0.0
2026-10-05T10:51:09Z,100.0,0.0,48749.2,,,0.0,0.0,,,,,,0.0
2026-10-05T10:51:14Z,105.0,0.0,48748.5,,,0.0,0.0,,,,,,0.0
2026-10-05T10:51:19Z,110.0,0.0,48748.7,,,0.0,0.0,,,,,,0.0
2026-10-05T10:51:24Z,115.0,0.0,48749.9,,,0.0,0.0,,,,,,0.0
2026-10-05T10:51:29Z,120.0,0.0,48749.2,,,0.0,0.0,,,,,,0.0
2026-10-05T10:51:34Z,125.0,0.0,48750.7,,,0.0,0.0,,,,,,0.0
2026-10-05T10:51:39Z,130.0,0.0,48754.7,,,0.0,0.0,,,,,,0.0
2026-10-05T10:51:44Z,135.0,0.0,48753.7,,,0.0,0.0,,,,,,0.0
2026-10-05T10:51:49Z,140.0,0.0,48758.2,,,0.0,0.0,,,,,,0.0
2026-10-05T10:51:54Z,145.0,0.0,48753.1,,,0.0,0.0,,,,,,0.0
2026-10-05T10:51:59Z,150.0,0.0,48753.8,,,0.0,0.0,,,,,,0.0
2026-10-05T10:52:04Z,155.0,0.0,48754.0,,,0.0,0.0,,,,,,0.0
2026-10-05T10:52:09Z,160.0,0.0,48753.0,,,0.0,0.0,,,,,,0.0
2026-10-05T10:52:14Z,165.0,0.0,48754.0,,,0.0,0.0,,,,,,0.0
2026-10-05T10:52:19Z,170.0,0.0,48754.2,,,0.0,0.0,,,,,,0.0
2026-10-05T10:52:24Z,175.0,0.0,48755.2,,,0.0,0.0,,,,,,0.0
2026-10-05T10:52:29Z,180.0,0.0,48756.4,,,0.0,0.0,,,,,,0.0
2026-10-05T10:52:34Z,185.0,0.0,48759.3,,,0.0,0.0,,,,,,0.0
2026-10-05T10:52:39Z,190.0,0.0,48759.3,,,0.0,0.0,,,,,,0.0
2026-10-05T10:52:44Z,195.0,0.0,48760.1,,,0.0,0.0,,,,,,0.0
2026-10-05T10:52:49Z,200.0,0.0,48760.4,,,0.0,0.0,,,,,,0.0
2026-10-05T10:52:54Z,205.0,0.0,48759.9,,,0.0,0.0,,,,,,0.0
2026-10-05T10:52:59Z,210.0,0.0,48758.2,,,0.0,0.0,,,,,,0.0
2026-10-05T10:53:04Z,215.0,0.0,48758.4,,,0.0,0.0,,,,,,0.0
2026-10-05T10:53:09Z,220.0,0.0,48757.4,,,0.0,0.0,,,,,,0.0
2026-10-05T10:53:14Z,225.0,0.0,48756.7,,,0.0,0.0,,,,,,0.0
2026-10-05T10:53:19Z,230.0,0.0,48756.4,,,0.0,0.0,,,,,,0.0
2026-10-05T10:53:24Z,235.0,0.0,48758.5,,,0.0,0.0,,,,,,0.0
2026-10-05T10:53:29Z,240.0,0.0,48759.8,,,0.0,0.0,,,,,,0.0
2026-10-05T10:53:34Z,245.0,0.0,48761.5,,,0.0,0.0,,,,,,0.0
2026-10-05T10:53:39Z,250.0,0.0,48762.3,,,0.0,0.0,,,,,,0.0
2026-10-05T10:53:44Z,255.0,0.0,48745.0,,,0.0,0.0,,,,,,0.0
2026-10-05T10:53:49Z,260.0,0.0,48734.9,,,0.0,0.0,,,,,,0.0
2026-10-05T10:53:54Z,265.0,0.0,48756.0,,,0.0,0.0,,,,,,0.0
2026-10-05T10:53:59Z,270.0,0.0,48756.3,,,0.0,0.0,,,,,,0.0
2026-10-05T10:54:04Z,275.0,0.0,48757.2,,,0.0,0.0,,,,,,0.0
2026-10-05T10:54:09Z,280.0,0.0,48756.2,,,0.0,0.0,,,,,,0.0
2026-10-05T10:54:14Z,285.0,0.0,48756.4,,,0.0,0.0,,,,,,0.0
2026-10-05T10:54:19Z,290.0,0.0,48756.9,,,0.0,0.0,,,,,,0.0
2026-10-05T10:54:24Z,295.0,0.0,48757.2,,,0.0,0.0,,,,,,0.0
2026-10-05T10:54:29Z,300.0,0.0,48758.2,,,0.0,0.0,,,,,,0.0
2026-10-05T10:54:34Z,305.1,0.0,48760.2,,,0.0,0.0,,,,,,0.0
2026-10-05T10:54:39Z,310.1,0.0,48760.8,,,0.0,0.0,,,,,,0.0
2026-10-05T10:54:44Z,315.1,0.0,48760.9,,,0.0,0.0,,,,,,0.0
2026-10-05T10:54:49Z,320.1,0.0,48761.7,,,0.0,0.0,,,,,,0.0
2026-10-05T10:54:54Z,325.1,0.0,48751.1,,,0.0,0.0,,,,,,0.0
2026-10-05T10:54:59Z,330.1,0.0,48750.6,,,0.0,0.0,,,,,,0.0
2026-10-05T10:55:04Z,335.1,0.0,48750.6,,,0.0,0.0,,,,,,0.0
2026-10-05T10:55:09Z,340.1,0.0,48744.9,,,0.0,0.0,,,,,,0.0
2026-10-05T10:55:14Z,345.1,0.0,48752.3,,,0.0,0.0,,,,,,0.0
2026-10-05T10:55:19Z,350.1,0.0,48752.1,,,0.0,0.0,,,,,,0.0
2026-10-05T10:55:24Z,355.1,0.0,48753.2,,,0.0,0.0,,,,,,0.0
2026-10-05T10:55:29Z,360.1,0.0,48752.3,,,0.0,0.0,,,,,,0.0
2026-10-05T10:55:34Z,365.1,0.0,49575.4,,,0.0,0.0,,,,,,0.0
2026-10-05T10:55:39Z,370.1,0.0,48750.2,,,0.0,0.0,,,,,,0.0
2026-10-05T10:55:44Z,375.1,0.0,48750.7,,,0.0,0.0,,,,,,0.0
2026-10-05T10:55:49Z,380.1,0.0,48752.2,,,0.0,0.0,,,,,,0.0
2026-10-05T10:55:54Z,385.1,0.0,48747.9,,,0.0,0.0,,,,,,0.0
2026-10-05T10:55:59Z,390.1,0.0,48748.6,,,0.0,0.0,,,,,,0.0
2026-10-05T10:56:04Z,395.1,0.0,48749.0,,,0.0,0.0,,,,,,0.0
2026-10-05T10:56:09Z,400.1,0.0,48749.3,,,0.0,0.0,,,,,,0.0
2026-10-05T10:56:14Z,405.1,0.0,48749.4,,,0.0,0.0,,,,,,0.0
2026-10-05T10:56:19Z,410.1,0.0,48750.3,,,0.0,0.0,,,,,,0.0
2026-10-05T10:56:24Z,415.1,0.0,48752.0,,,0.0,0.0,,,,,,0.0
2026-10-05T10:56:29Z,420.1,0.0,48752.1,,,0.0,0.0,,,,,,0.0
2026-10-05T10:56:34Z,425.1,0.0,48754.1,,,0.0,0.0,,,,,,0.0
2026-10-05T10:56:39Z,430.1,0.0,48754.1,,,0.0,0.0,,,,,,0.0
2026-10-05T10:56:44Z,435.1,0.0,48754.3,,,0.0,0.0,,,,,,0.0
2026-10-05T10:56:49Z,440.1,0.0,48754.9,,,0.0,0.0,,,,,,0.0
2026-10-05T10:56:54Z,445.1,0.0,48749.3,,,0.0,0.0,,,,,,0.0
2026-10-05T10:56:59Z,450.1,0.0,48749.4,,,0.0,0.0,,,,,,0.0
2026-10-05T10:57:04Z,455.1,0.0,48747.9,,,0.0,0.0,,,,,,0.0
2026-10-05T10:57:09Z,460.1,0.0,48747.7,,,0.0,0.0,,,,,,0.0
2026-10-05T10:57:14Z,465.1,0.0,48748.1,,,0.0,0.0,,,,,,0.0
2026-10-05T10:57:19Z,470.1,0.0,48743.1,,,0.0,0.0,,,,,,0.0
2026-10-05T10:57:24Z,475.1,0.0,48748.9,,,0.0,0.0,,,,,,0.0
2026-10-05T10:57:29Z,480.1,0.0,48749.5,,,0.0,0.0,,,,,,0.0
2026-10-05T10:57:34Z,485.1,0.0,48757.7,,,0.0,0.0,,,,,,0.0
2026-10-05T10:57:39Z,490.1,0.0,48758.6,,,0.0,0.0,,,,,,0.0
2026-10-05T10:57:44Z,495.1,0.0,48756.4,,,0.0,0.0,,,,,,0.0
2026-10-05T10:57:49Z,500.1,0.0,48759.5,,,0.0,0.0,,,,,,0.0
2026-10-05T10:57:54Z,505.1,0.0,48752.6,,,0.0,0.0,,,,,,0.0
2026-10-05T10:57:59Z,510.1,0.0,48753.1,,,0.0,0.0,,,,,,0.0
2026-10-05T10:58:04Z,515.1,0.0,48750.1,,,0.0,0.0,,,,,,0.0
2026-10-05T10:58:09Z,520.1,0.0,48750.6,,,0.0,0.0,,,,,,0.0
2026-10-05T10:58:14Z,525.1,0.0,48751.0,,,0.0,0.0,,,,,,0.0
2026-10-05T10:58:19Z,530.1,0.0,48751.6,,,0.0,0.0,,,,,,0.0
2026-10-05T10:58:24Z,535.1,0.0,48753.6,,,0.0,0.0,,,,,,0.0
2026-10-05T10:58:29Z,540.1,0.0,48753.8,,,0.0,0.0,,,,,,0.0
2026-10-05T10:58:34Z,545.1,0.0,48756.4,,,0.0,0.0,,,,,,0.0
2026-10-05T10:58:39Z,550.1,0.0,48756.4,,,0.0,0.0,,,,,,0.0
2026-10-05T10:58:44Z,555.1,0.0,48757.8,,,0.0,0.0,,,,,,0.0
2026-10-05T10:58:49Z,560.1,0.0,48759.4,,,0.0,0.0,,,,,,0.0
2026-10-05T10:58:54Z,565.1,0.0,48750.6,,,0.0,0.0,,,,,,0.0
2026-10-05T10:58:59Z,570.1,0.0,48750.8,,,0.0,0.0,,,,,,0.0
2026-10-05T10:59:04Z,575.1,0.0,48750.4,,,0.0,0.0,,,,,,0.0
2026-10-05T10:59:09Z,580.1,0.0,48750.3,,,0.0,0.0,,,,,,0.0
2026-10-05T10:59:14Z,585.1,0.0,48752.1,,,0.0,0.0,,,,,,0.0
2026-10-05T10:59:19Z,590.1,0.0,48752.1,,,0.0,0.0,,,,,,0.0
2026-10-05T10:59:24Z,595.1,0.0,48754.0,,,0.0,0.0,,,,,,0.0
2026-10-05T10:59:29Z,600.1,0.0,48753.9,,,0.0,0.0,,,,,,0.0
2026-10-05T10:59:34Z,605.1,0.0,48755.7,,,0.0,0.0,,,,,,0.0
2026-10-05T10:59:39Z,610.1,0.0,48756.0,,,0.0,0.0,,,,,,0.0
2026-10-05T10:59:44Z,615.1,0.0,48755.9,,,0.0,0.0,,,,,,0.0
2026-10-05T10:59:49Z,620.1,0.0,48757.3,,,0.0,0.0,,,,,,0.0
2026-10-05T10:59:54Z,625.1,0.0,48750.1,,,0.0,0.0,,,,,,0.0
2026-10-05T10:59:59Z,630.1,0.0,48709.7,,,0.0,0.0,,,,,,0.0
2026-10-05T11:00:04Z,635.1,0.0,48713.7,,,0.0,0.0,,,,,,0.0
2026-10-05T11:00:09Z,640.1,0.0,48711.9,,,0.0,0.0,,,,,,0.0
2026-10-05T11:00:14Z,645.1,0.0,48714.8,,,0.0,0.0,,,,,,0.0
2026-10-05T11:00:19Z,650.1,0.0,48716.1,,,0.0,0.0,,,,,,0.0
2026-10-05T11:00:24Z,655.1,0.0,48718.5,,,0.0,0.0,,,,,,0.0
2026-10-05T11:00:29Z,660.1,0.0,48721.8,,,0.0,0.0,,,,,,0.0
2026-10-05T11:00:34Z,665.1,0.0,48729.3,,,0.0,0.0,,,,,,0.0
2026-10-05T11:00:39Z,670.1,0.0,48735.1,,,0.0,0.0,,,,,,0.0
2026-10-05T11:00:44Z,675.1,0.0,48736.1,,,0.0,0.0,,,,,,0.0
2026-10-05T11:00:49Z,680.1,0.0,48736.5,,,0.0,0.0,,,,,,0.0
2026-10-05T11:00:54Z,685.1,0.0,48731.3,,,0.0,0.0,,,,,,0.0
2026-10-05T11:00:59Z,690.1,0.0,48735.8,,,0.0,0.0,,,,,,0.0
2026-10-05T11:01:04Z,695.1,0.0,48736.7,,,0.0,0.0,,,,,,0.0
2026-10-05T11:01:09Z,700.1,0.0,48734.5,,,0.0,0.0,,,,,,0.0
2026-10-05T11:01:14Z,705.1,0.0,48734.4,,,0.0,0.0,,,,,,0.0
2026-10-05T11:01:19Z,710.1,0.0,48731.0,,,0.0,0.0,,,,,,0.0
2026-10-05T11:01:24Z,715.1,0.0,48727.8,,,0.0,0.0,,,,,,0.0
2026-10-05T11:01:29Z,720.1,0.0,48728.1,,,0.0,0.0,,,,,,0.0
2026-10-05T11:01:34Z,725.1,0.0,48727.8,,,0.0,0.0,,,,,,0.0
2026-10-05T11:01:39Z,730.1,0.0,48727.0,,,0.0,0.0,,,,,,0.0
2026-10-05T11:01:44Z,735.1,0.0,48726.8,,,0.0,0.0,,,,,,0.0
2026-10-05T11:01:49Z,740.1,0.0,48727.7,,,0.0,0.0,,,,,,0.0
2026-10-05T11:01:54Z,745.1,0.0,48730.8,,,0.0,0.0,,,,,,0.0
2026-10-05T11:01:59Z,750.1,0.0,48733.1,,,0.0,0.0,,,,,,0.0
2026-10-05T11:02:04Z,755.1,0.0,48734.8,,,0.0,0.0,,,,,,0.0
2026-10-05T11:02:09Z,760.1,0.0,48735.7,,,0.0,0.0,,,,,,0.0
2026-10-05T11:02:14Z,765.1,0.0,48736.0,,,0.0,0.0,,,,,,0.0
2026-10-05T11:02:19Z,770.1,0.0,48736.5,,,0.0,0.0,,,,,,0.0
2026-10-05T11:02:24Z,775.1,0.0,48738.5,,,0.0,0.0,,,,,,0.0
2026-10-05T11:02:29Z,780.1,0.0,48740.0,,,0.0,0.0,,,,,,0.0
2026-10-05T11:02:34Z,785.1,0.0,48741.4,,,0.0,0.0,,,,,,0.0
2026-10-05T11:02:39Z,790.1,0.0,48742.1,,,0.0,0.0,,,,,,0.0
2026-10-05T11:02:44Z,795.1,0.0,48743.2,,,0.0,0.0,,,,,,0.0
2026-10-05T11:02:49Z,800.1,0.0,48743.6,,,0.0,0.0,,,,,,0.0
2026-10-05T11:02:54Z,805.1,0.0,48738.8,,,0.0,0.0,,,,,,0.0
2026-10-05T11:02:59Z,810.1,0.0,48739.1,,,0.0,0.0,,,,,,0.0
2026-10-05T11:03:04Z,815.1,0.0,48739.5,,,0.0,0.0,,,,,,0.0
2026-10-05T11:03:09Z,820.1,0.0,48738.8,,,0.0,0.0,,,,,,0.0
2026-10-05T11:03:14Z,825.1,0.0,48744.3,,,0.0,0.0,,,,,,0.0
2026-10-05T11:03:19Z,830.1,0.0,48743.5,,,0.0,0.0,,,,,,0.0
2026-10-05T11:03:24Z,835.1,0.0,48745.1,,,0.0,0.0,,,,,,0.0
2026-10-05T11:03:29Z,840.1,0.0,48745.6,,,0.0,0.0,,,,,,0.0
2026-10-05T11:03:34Z,845.2,0.0,48745.5,,,0.0,0.0,,,,,,0.0
2026-10-05T11:03:39Z,850.2,0.0,48746.1,,,0.0,0.0,,,,,,0.0
2026-10-05T11:03:44Z,855.2,0.0,48725.5,,,0.0,0.0,,,,,,0.0
2026-10-05T11:03:49Z,860.2,0.0,48723.4,,,0.0,0.0,,,,,,0.0
2026-10-05T11:03:54Z,865.2,0.0,48739.0,,,0.0,0.0,,,,,,0.0
2026-10-05T11:03:59Z,870.2,0.0,48737.9,,,0.0,0.0,,,,,,0.0
2026-10-05T11:04:04Z,875.2,0.0,48737.6,,,0.0,0.0,,,,,,0.0
2026-10-05T11:04:09Z,880.2,0.0,48738.1,,,0.0,0.0,,,,,,0.0
2026-10-05T11:04:14Z,885.2,0.0,48737.4,,,0.0,0.0,,,,,,0.0
2026-10-05T11:04:19Z,890.2,0.0,48737.9,,,0.0,0.0,,,,,,0.0
2026-10-05T11:04:24Z,895.2,0.0,48741.7,,,0.0,0.0,,,,,,0.0
2026-10-05T11:04:29Z,900.2,0.0,48742.0,,,0.0,0.0,,,,,,0.0
2026-10-05T11:04:34Z,905.2,0.0,48742.3,,,0.0,0.0,,,,,,0.0
2026-10-05T11:04:39Z,910.2,0.0,48743.6,,,0.0,0.0,,,,,,0.0
2026-10-05T11:04:44Z,915.2,0.0,48743.3,,,0.0,0.0,,,,,,0.0
2026-10-05T11:04:49Z,920.2,0.0,48744.0,,,0.0,0.0,,,,,,0.0
2026-10-05T11:04:54Z,925.2,0.0,48734.7,,,0.0,0.0,,,,,,0.0
2026-10-05T11:04:59Z,930.2,0.0,48734.7,,,0.0,0.0,,,,,,0.0
2026-10-05T11:05:04Z,935.2,0.0,48733.5,,,0.0,0.0,,,,,,0.0
2026-10-05T11:05:09Z,940.2,0.0,48728.3,,,0.0,0.0,,,,,,0.0
2026-10-05T11:05:14Z,945.2,0.0,48730.7,,,0.0,0.0,,,,,,0.0
2026-10-05T11:05:19Z,950.2,0.0,48731.5,,,0.0,0.0,,,,,,0.0
2026-10-05T11:05:24Z,955.2,0.0,48735.2,,,0.0,0.0,,,,,,0.0
2026-10-05T11:05:29Z,960.2,0.0,48734.5,,,0.0,0.0,,,,,,0.0
2026-10-05T11:05:34Z,965.2,0.0,48742.0,,,0.0,0.0,,,,,,0.0
2026-10-05T11:05:39Z,970.2,0.0,48743.6,,,0.0,0.0,,,,,,0.0
2026-10-05T11:05:44Z,975.2,0.0,48741.0,,,0.0,0.0,,,,,,0.0
2026-10-05T11:05:49Z,980.2,0.0,48740.9,,,0.0,0.0,,,,,,0.0
2026-10-05T11:05:54Z,985.2,0.0,48732.6,,,0.0,0.0,,,,,,0.0
2026-10-05T11:05:59Z,990.2,0.0,48732.5,,,0.0,0.0,,,,,,0.0
2026-10-05T11:06:04Z,995.2,0.0,48729.0,,,0.0,0.0,,,,,,0.0
2026-10-05T11:06:09Z,1000.2,0.0,48730.0,,,0.0,0.0,,,,,,0.0
2026-10-05T11:06:14Z,1005.2,0.0,48729.1,,,0.0,0.0,,,,,,0.0
2026-10-05T11:06:19Z,1010.2,0.0,48730.7,,,0.0,0.0,,,,,,0.0
2026-10-05T11:06:24Z,1015.2,0.0,48734.1,,,0.0,0.0,,,,,,0.0
2026-10-05T11:06:29Z,1020.2,0.0,48734.8,,,0.0,0.0,,,,,,0.0
2026-10-05T11:06:34Z,1025.2,0.0,48736.3,,,0.0,0.0,,,,,,0.0
2026-10-05T11:06:39Z,1030.2,0.0,48733.0,,,0.0,0.0,,,,,,0.0
