SeLockMemoryPrivilege: ENABLED -- SeLockMemoryPrivilege enabled on this process's token
AWE chunk: requested 524288 pages, got 524288. held_mb=2048.0 avail_mb=45121.9
AWE chunk: requested 524288 pages, got 524288. held_mb=4096.0 avail_mb=43063.4
AWE chunk: requested 524288 pages, got 524288. held_mb=6144.0 avail_mb=41022.2
AWE chunk: requested 524288 pages, got 524288. held_mb=8192.0 avail_mb=38971.9
AWE chunk: requested 524288 pages, got 524288. held_mb=10240.0 avail_mb=36920.5
AWE chunk: requested 524288 pages, got 524288. held_mb=12288.0 avail_mb=34869.0
AWE chunk: requested 524288 pages, got 524288. held_mb=14336.0 avail_mb=32816.2
AWE chunk: requested 524288 pages, got 524288. held_mb=16384.0 avail_mb=30765.7
AWE chunk: requested 524288 pages, got 524288. held_mb=18432.0 avail_mb=28712.5
AWE chunk: requested 524288 pages, got 524288. held_mb=20480.0 avail_mb=26662.6
AWE chunk: requested 524288 pages, got 524288. held_mb=22528.0 avail_mb=24611.8
AWE chunk: requested 524288 pages, got 524288. held_mb=24576.0 avail_mb=22559.4
AWE chunk: requested 524288 pages, got 524288. held_mb=26624.0 avail_mb=20506.1
AWE chunk: requested 524288 pages, got 524288. held_mb=28672.0 avail_mb=18455.5
AWE chunk: requested 524288 pages, got 524288. held_mb=30720.0 avail_mb=16401.2
AWE chunk: requested 90758 pages, got 90758. held_mb=31074.5 avail_mb=14347.3
TARGET REACHED (or best effort). mechanism=AWE held_mb=31074.5 available_mb=13991.3 target_available_mb=13992.740600585938
2026-10-05T01:10:12Z,0.0,31074.5,13991.3,,,0.0,0.0,,,,,,0.0
2026-10-05T01:10:17Z,5.0,31074.5,13995.3,,,0.0,0.0,,,,,,0.0
2026-10-05T01:10:22Z,10.0,31074.5,13995.8,,,0.0,0.0,,,,,,0.0
2026-10-05T01:10:27Z,15.0,31074.5,13998.5,,,0.0,0.0,,,,,,0.0
2026-10-05T01:10:32Z,20.0,31074.5,13998.2,,,0.0,0.0,,,,,,0.0
2026-10-05T01:10:37Z,25.0,31074.5,12090.4,,,0.0,0.0,,,,,,0.0
2026-10-05T01:10:42Z,30.0,31074.5,12088.5,,,0.0,0.0,,,,,,0.0
2026-10-05T01:10:47Z,35.0,31074.5,12089.3,,,0.0,0.0,,,,,,0.0
2026-10-05T01:10:52Z,40.0,31074.5,12093.6,,,0.0,0.0,,,,,,0.0
2026-10-05T01:10:57Z,45.0,31074.5,12088.9,,,0.0,0.0,,,,,,0.0
2026-10-05T01:11:02Z,50.0,31074.5,12089.4,,,0.0,0.0,,,,,,0.0
2026-10-05T01:11:07Z,55.0,31074.5,12089.9,,,0.0,0.0,,,,,,0.0
2026-10-05T01:11:12Z,60.0,31074.5,12091.7,,,0.0,0.0,,,,,,0.0
2026-10-05T01:11:17Z,65.0,31074.5,12091.9,,,0.0,0.0,,,,,,0.0
2026-10-05T01:11:22Z,70.0,31074.5,12091.9,,,0.0,0.0,,,,,,0.0
2026-10-05T01:11:27Z,75.0,31074.5,12094.3,,,0.0,0.0,,,,,,0.0
2026-10-05T01:11:32Z,80.0,31074.5,12095.1,,,0.0,0.0,,,,,,0.0
2026-10-05T01:11:37Z,85.0,31074.5,12096.3,,,0.0,0.0,,,,,,0.0
2026-10-05T01:11:42Z,90.0,31074.5,14015.7,,,0.0,0.0,,,,,,0.0
2026-10-05T01:11:47Z,95.0,31074.5,14015.3,,,0.0,0.0,,,,,,0.0
2026-10-05T01:11:52Z,100.0,31074.5,14016.7,,,0.0,0.0,,,,,,0.0
2026-10-05T01:11:57Z,105.0,31074.5,14014.7,,,0.0,0.0,,,,,,0.0
2026-10-05T01:12:02Z,110.0,31074.5,14011.7,,,0.0,0.0,,,,,,0.0
2026-10-05T01:12:07Z,115.0,31074.5,14011.8,,,0.0,0.0,,,,,,0.0
2026-10-05T01:12:12Z,120.0,31074.5,14010.8,,,0.0,0.0,,,,,,0.0
2026-10-05T01:12:17Z,125.0,31074.5,14010.3,,,0.0,0.0,,,,,,0.0
2026-10-05T01:12:22Z,130.0,31074.5,14008.4,,,0.0,0.0,,,,,,0.0
2026-10-05T01:12:27Z,135.0,31074.5,14009.5,,,0.0,0.0,,,,,,0.0
2026-10-05T01:12:32Z,140.0,31074.5,14007.5,,,0.0,0.0,,,,,,0.0
2026-10-05T01:12:37Z,145.0,31074.5,14009.7,,,0.0,0.0,,,,,,0.0
2026-10-05T01:12:42Z,150.0,31074.5,14011.1,,,0.0,0.0,,,,,,0.0
2026-10-05T01:12:47Z,155.0,31074.5,14014.1,,,0.0,0.0,,,,,,0.0
2026-10-05T01:12:52Z,160.0,31074.5,14015.5,,,0.0,0.0,,,,,,0.0
2026-10-05T01:12:57Z,165.0,31074.5,12101.2,,,0.0,0.0,,,,,,0.0
2026-10-05T01:13:02Z,170.0,31074.5,12098.3,,,0.0,0.0,,,,,,0.0
2026-10-05T01:13:07Z,175.0,31074.5,12098.5,,,0.0,0.0,,,,,,0.0
2026-10-05T01:13:12Z,180.0,31074.5,12097.5,,,0.0,0.0,,,,,,0.0
2026-10-05T01:13:17Z,185.0,31074.5,12096.5,,,0.0,0.0,,,,,,0.0
2026-10-05T01:13:22Z,190.0,31074.5,12097.1,,,0.0,0.0,,,,,,0.0
2026-10-05T01:13:27Z,195.0,31074.5,12099.2,,,0.0,0.0,,,,,,0.0
2026-10-05T01:13:32Z,200.0,31074.5,12098.8,,,0.0,0.0,,,,,,0.0
2026-10-05T01:13:37Z,205.0,31074.5,12100.5,,,0.0,0.0,,,,,,0.0
2026-10-05T01:13:42Z,210.0,31074.5,12096.8,,,0.0,0.0,,,,,,0.0
2026-10-05T01:13:47Z,215.0,31074.5,12098.2,,,0.0,0.0,,,,,,0.0
2026-10-05T01:13:52Z,220.0,31074.5,12099.1,,,0.0,0.0,,,,,,0.0
2026-10-05T01:13:57Z,225.0,31074.5,12093.7,,,0.0,0.0,,,,,,0.0
2026-10-05T01:14:02Z,230.0,31074.5,14009.8,,,0.0,0.0,,,,,,0.0
2026-10-05T01:14:07Z,235.0,31074.5,14010.7,,,0.0,0.0,,,,,,0.0
2026-10-05T01:14:12Z,240.0,31074.5,14010.9,,,0.0,0.0,,,,,,0.0
2026-10-05T01:14:17Z,245.0,31074.5,14017.0,,,0.0,0.0,,,,,,0.0
2026-10-05T01:14:22Z,250.0,31074.5,14016.5,,,0.0,0.0,,,,,,0.0
2026-10-05T01:14:27Z,255.1,31074.5,14019.0,,,0.0,0.0,,,,,,0.0
2026-10-05T01:14:32Z,260.1,31074.5,14018.1,,,0.0,0.0,,,,,,0.0
2026-10-05T01:14:37Z,265.1,31074.5,14019.0,,,0.0,0.0,,,,,,0.0
2026-10-05T01:14:42Z,270.1,31074.5,14016.9,,,0.0,0.0,,,,,,0.0
2026-10-05T01:14:47Z,275.1,31074.5,14017.4,,,0.0,0.0,,,,,,0.0
2026-10-05T01:14:52Z,280.1,31074.5,14018.2,,,0.0,0.0,,,,,,0.0
2026-10-05T01:14:57Z,285.1,31074.5,14005.0,,,0.0,0.0,,,,,,0.0
2026-10-05T01:15:02Z,290.1,31074.5,14009.9,,,0.0,0.0,,,,,,0.0
2026-10-05T01:15:07Z,295.1,31074.5,14010.5,,,0.0,0.0,,,,,,0.0
2026-10-05T01:15:12Z,300.1,31074.5,14009.3,,,0.0,0.0,,,,,,0.0
2026-10-05T01:15:17Z,305.1,31074.5,14009.0,,,0.0,0.0,,,,,,0.0
2026-10-05T01:15:22Z,310.1,31074.5,12102.6,,,0.0,0.0,,,,,,0.0
2026-10-05T01:15:27Z,315.1,31074.5,12103.0,,,0.0,0.0,,,,,,0.0
2026-10-05T01:15:32Z,320.1,31074.5,12103.0,,,0.0,0.0,,,,,,0.0
2026-10-05T01:15:37Z,325.1,31074.5,12104.9,,,0.0,0.0,,,,,,0.0
2026-10-05T01:15:42Z,330.1,31074.5,12104.3,,,0.0,0.0,,,,,,0.0
2026-10-05T01:15:47Z,335.1,31074.5,12103.9,,,0.0,0.0,,,,,,0.0
2026-10-05T01:15:52Z,340.1,31074.5,12104.8,,,0.0,0.0,,,,,,0.0
2026-10-05T01:15:57Z,345.1,31074.5,12099.1,,,0.0,0.0,,,,,,0.0
2026-10-05T01:16:02Z,350.1,31074.5,12098.6,,,0.0,0.0,,,,,,0.0
2026-10-05T01:16:07Z,355.1,31074.5,12098.7,,,0.0,0.0,,,,,,0.0
2026-10-05T01:16:12Z,360.1,31074.5,12103.8,,,0.0,0.0,,,,,,0.0
2026-10-05T01:16:17Z,365.1,31074.5,12103.8,,,0.0,0.0,,,,,,0.0
2026-10-05T01:16:22Z,370.1,31074.5,12104.4,,,0.0,0.0,,,,,,0.0
2026-10-05T01:16:27Z,375.1,31074.5,14017.7,,,0.0,0.0,,,,,,0.0
2026-10-05T01:16:32Z,380.1,31074.5,14019.4,,,0.0,0.0,,,,,,0.0
2026-10-05T01:16:37Z,385.1,31074.5,14042.0,,,0.0,0.0,,,,,,0.0
2026-10-05T01:16:42Z,390.1,31074.5,14047.6,,,0.0,0.0,,,,,,0.0
2026-10-05T01:16:47Z,395.1,31074.5,14046.7,,,0.0,0.0,,,,,,0.0
2026-10-05T01:16:52Z,400.1,31074.5,14046.5,,,0.0,0.0,,,,,,0.0
2026-10-05T01:16:57Z,405.1,31074.5,14041.2,,,0.0,0.0,,,,,,0.0
2026-10-05T01:17:02Z,410.1,31074.5,14039.1,,,0.0,0.0,,,,,,0.0
2026-10-05T01:17:07Z,415.1,31074.5,14038.6,,,0.0,0.0,,,,,,0.0
2026-10-05T01:17:12Z,420.1,31074.5,14006.5,,,0.0,0.0,,,,,,0.0
2026-10-05T01:17:17Z,425.1,31074.5,14029.1,,,0.0,0.0,,,,,,0.0
