SeLockMemoryPrivilege: ENABLED -- SeLockMemoryPrivilege enabled on this process's token
AWE chunk: requested 524288 pages, got 524288. held_mb=2048.0 avail_mb=61176.9
AWE chunk: requested 524288 pages, got 524288. held_mb=4096.0 avail_mb=59137.5
AWE chunk: requested 524288 pages, got 524288. held_mb=6144.0 avail_mb=57085.3
AWE chunk: requested 524288 pages, got 524288. held_mb=8192.0 avail_mb=55032.2
AWE chunk: requested 524288 pages, got 524288. held_mb=10240.0 avail_mb=52981.6
AWE chunk: requested 524288 pages, got 524288. held_mb=12288.0 avail_mb=50931.6
AWE chunk: requested 524288 pages, got 524288. held_mb=14336.0 avail_mb=48879.3
AWE chunk: requested 524288 pages, got 524288. held_mb=16384.0 avail_mb=46824.4
AWE chunk: requested 524288 pages, got 524288. held_mb=18432.0 avail_mb=44768.0
AWE chunk: requested 524288 pages, got 524288. held_mb=20480.0 avail_mb=42713.7
AWE chunk: requested 524288 pages, got 524288. held_mb=22528.0 avail_mb=40661.3
AWE chunk: requested 524288 pages, got 524288. held_mb=24576.0 avail_mb=38608.5
AWE chunk: requested 524288 pages, got 524288. held_mb=26624.0 avail_mb=36556.3
AWE chunk: requested 524288 pages, got 524288. held_mb=28672.0 avail_mb=34503.0
AWE chunk: requested 524288 pages, got 524288. held_mb=30720.0 avail_mb=32451.2
AWE chunk: requested 524288 pages, got 524288. held_mb=32768.0 avail_mb=30398.0
AWE chunk: requested 524288 pages, got 524288. held_mb=34816.0 avail_mb=28345.8
AWE chunk: requested 524288 pages, got 524288. held_mb=36864.0 avail_mb=26295.3
AWE chunk: requested 524288 pages, got 524288. held_mb=38912.0 avail_mb=24237.8
AWE chunk: requested 524288 pages, got 524288. held_mb=40960.0 avail_mb=22188.8
AWE chunk: requested 524288 pages, got 524288. held_mb=43008.0 avail_mb=20135.1
AWE chunk: requested 524288 pages, got 524288. held_mb=45056.0 avail_mb=18077.9
AWE chunk: requested 524288 pages, got 524288. held_mb=47104.0 avail_mb=15985.3
AWE chunk: requested 524288 pages, got 524288. held_mb=49152.0 avail_mb=13923.8
AWE chunk: requested 141561 pages, got 141561. held_mb=49705.0 avail_mb=11850.0
TARGET REACHED (or best effort). mechanism=AWE held_mb=49705.0 available_mb=11295.9 target_available_mb=11297.07
2026-09-30T22:51:11Z,0.0,49705.0,11295.9,,,0.0,0.0,,,,,,0.0
2026-09-30T22:51:16Z,5.0,49705.0,5844.4,,,0.0,0.0,,,,,,0.0
2026-09-30T22:51:21Z,10.0,49705.0,1639.8,,,0.0,0.0,,,,,,0.0
2026-09-30T22:51:26Z,15.0,49705.0,373.3,,,0.0,0.0,,,,,,0.0
2026-09-30T22:51:31Z,20.0,49705.0,503.1,,,0.0,0.0,,,,,,0.0
2026-09-30T22:51:36Z,25.0,49705.0,190.5,,,0.0,0.0,,,,,,0.0
2026-09-30T22:51:41Z,30.0,49705.0,175.0,,,0.0,0.0,,,,,,0.0
2026-09-30T22:51:46Z,35.0,49705.0,452.4,,,0.0,0.0,,,,,,0.0
2026-09-30T22:51:51Z,40.0,49705.0,355.6,,,0.0,0.0,,,,,,0.0
2026-09-30T22:51:56Z,45.0,49705.0,477.5,,,0.0,0.0,,,,,,0.0
2026-09-30T22:52:01Z,50.0,49705.0,467.7,,,0.0,0.0,,,,,,0.0
2026-09-30T22:52:06Z,55.0,49705.0,442.1,,,0.0,0.0,,,,,,0.0
2026-09-30T22:52:11Z,60.0,49705.0,532.1,,,0.0,0.0,,,,,,0.0
2026-09-30T22:52:16Z,65.0,49705.0,524.4,,,0.0,0.0,,,,,,0.0
2026-09-30T22:52:21Z,70.0,49705.0,584.1,,,0.0,0.0,,,,,,0.0
2026-09-30T22:52:26Z,75.0,49705.0,370.7,,,0.0,0.0,,,,,,0.0
2026-09-30T22:52:31Z,80.0,49705.0,417.0,,,0.0,0.0,,,,,,0.0
2026-09-30T22:52:36Z,85.0,49705.0,400.7,,,0.0,0.0,,,,,,0.0
2026-09-30T22:52:41Z,90.0,49705.0,381.5,,,0.0,0.0,,,,,,0.0
2026-09-30T22:52:46Z,95.0,49705.0,316.6,,,0.0,0.0,,,,,,0.0
2026-09-30T22:52:51Z,100.0,49705.0,312.8,,,0.0,0.0,,,,,,0.0
2026-09-30T22:52:56Z,105.0,49705.0,300.1,,,0.0,0.0,,,,,,0.0
2026-09-30T22:53:01Z,110.0,49705.0,288.5,,,0.0,0.0,,,,,,0.0
2026-09-30T22:53:06Z,115.0,49705.0,337.7,,,0.0,0.0,,,,,,0.0
2026-09-30T22:53:11Z,120.0,49705.0,307.0,,,0.0,0.0,,,,,,0.0
2026-09-30T22:53:16Z,125.0,49705.0,290.2,,,0.0,0.0,,,,,,0.0
2026-09-30T22:53:21Z,130.0,49705.0,334.8,,,0.0,0.0,,,,,,0.0
2026-09-30T22:53:26Z,135.0,49705.0,331.1,,,0.0,0.0,,,,,,0.0
2026-09-30T22:53:31Z,140.0,49705.0,316.7,,,0.0,0.0,,,,,,0.0
2026-09-30T22:53:36Z,145.0,49705.0,286.4,,,0.0,0.0,,,,,,0.0
2026-09-30T22:53:41Z,150.0,49705.0,286.2,,,0.0,0.0,,,,,,0.0
2026-09-30T22:53:46Z,155.0,49705.0,281.0,,,0.0,0.0,,,,,,0.0
2026-09-30T22:53:51Z,160.0,49705.0,290.8,,,0.0,0.0,,,,,,0.0
2026-09-30T22:53:56Z,165.0,49705.0,267.2,,,0.0,0.0,,,,,,0.0
2026-09-30T22:54:01Z,170.0,49705.0,254.3,,,0.0,0.0,,,,,,0.0
2026-09-30T22:54:06Z,175.0,49705.0,257.2,,,0.0,0.0,,,,,,0.0
2026-09-30T22:54:11Z,180.0,49705.0,252.6,,,0.0,0.0,,,,,,0.0
2026-09-30T22:54:16Z,185.0,49705.0,248.5,,,0.0,0.0,,,,,,0.0
2026-09-30T22:54:21Z,190.0,49705.0,249.8,,,0.0,0.0,,,,,,0.0
2026-09-30T22:54:26Z,195.0,49705.0,248.9,,,0.0,0.0,,,,,,0.0
2026-09-30T22:54:31Z,200.0,49705.0,343.4,,,0.0,0.0,,,,,,0.0
2026-09-30T22:54:36Z,205.0,49705.0,331.3,,,0.0,0.0,,,,,,0.0
2026-09-30T22:54:41Z,210.0,49705.0,330.0,,,0.0,0.0,,,,,,0.0
2026-09-30T22:54:46Z,215.0,49705.0,337.1,,,0.0,0.0,,,,,,0.0
2026-09-30T22:54:51Z,220.0,49705.0,355.8,,,0.0,0.0,,,,,,0.0
2026-09-30T22:54:56Z,225.0,49705.0,356.4,,,0.0,0.0,,,,,,0.0
2026-09-30T22:55:01Z,230.0,49705.0,339.3,,,0.0,0.0,,,,,,0.0
2026-09-30T22:55:06Z,235.0,49705.0,333.6,,,0.0,0.0,,,,,,0.0
2026-09-30T22:55:11Z,240.0,49705.0,306.7,,,0.0,0.0,,,,,,0.0
2026-09-30T22:55:16Z,245.0,49705.0,314.3,,,0.0,0.0,,,,,,0.0
2026-09-30T22:55:21Z,250.0,49705.0,297.1,,,0.0,0.0,,,,,,0.0
2026-09-30T22:55:26Z,255.0,49705.0,276.6,,,0.0,0.0,,,,,,0.0
2026-09-30T22:55:31Z,260.0,49705.0,273.6,,,0.0,0.0,,,,,,0.0
2026-09-30T22:55:36Z,265.0,49705.0,265.4,,,0.0,0.0,,,,,,0.0
2026-09-30T22:55:41Z,270.0,49705.0,268.6,,,0.0,0.0,,,,,,0.0
2026-09-30T22:55:46Z,275.0,49705.0,271.1,,,0.0,0.0,,,,,,0.0
2026-09-30T22:55:51Z,280.0,49705.0,281.5,,,0.0,0.0,,,,,,0.0
2026-09-30T22:55:56Z,285.0,49705.0,276.6,,,0.0,0.0,,,,,,0.0
2026-09-30T22:56:01Z,290.0,49705.0,317.5,,,0.0,0.0,,,,,,0.0
2026-09-30T22:56:06Z,295.0,49705.0,304.2,,,0.0,0.0,,,,,,0.0
2026-09-30T22:56:11Z,300.0,49705.0,313.3,,,0.0,0.0,,,,,,0.0
2026-09-30T22:56:16Z,305.0,49705.0,309.8,,,0.0,0.0,,,,,,0.0
2026-09-30T22:56:21Z,310.0,49705.0,300.8,,,0.0,0.0,,,,,,0.0
2026-09-30T22:56:26Z,315.0,49705.0,304.4,,,0.0,0.0,,,,,,0.0
2026-09-30T22:56:31Z,320.0,49705.0,305.0,,,0.0,0.0,,,,,,0.0
2026-09-30T22:56:36Z,325.0,49705.0,297.9,,,0.0,0.0,,,,,,0.0
2026-09-30T22:56:41Z,330.0,49705.0,292.8,,,0.0,0.0,,,,,,0.0
2026-09-30T22:56:46Z,335.0,49705.0,296.2,,,0.0,0.0,,,,,,0.0
2026-09-30T22:56:51Z,340.0,49705.0,330.9,,,0.0,0.0,,,,,,0.0
2026-09-30T22:56:56Z,345.0,49705.0,286.5,,,0.0,0.0,,,,,,0.0
2026-09-30T22:57:01Z,350.1,49705.0,263.8,,,0.0,0.0,,,,,,0.0
2026-09-30T22:57:06Z,355.1,49705.0,266.4,,,0.0,0.0,,,,,,0.0
2026-09-30T22:57:11Z,360.1,49705.0,266.0,,,0.0,0.0,,,,,,0.0
2026-09-30T22:57:16Z,365.1,49705.0,267.1,,,0.0,0.0,,,,,,0.0
2026-09-30T22:57:21Z,370.1,49705.0,251.4,,,0.0,0.0,,,,,,0.0
2026-09-30T22:57:26Z,375.1,49705.0,236.5,,,0.0,0.0,,,,,,0.0
2026-09-30T22:57:31Z,380.1,49705.0,305.2,,,0.0,0.0,,,,,,0.0
2026-09-30T22:57:36Z,385.1,49705.0,291.2,,,0.0,0.0,,,,,,0.0
2026-09-30T22:57:41Z,390.1,49705.0,293.5,,,0.0,0.0,,,,,,0.0
2026-09-30T22:57:46Z,395.1,49705.0,270.6,,,0.0,0.0,,,,,,0.0
2026-09-30T22:57:51Z,400.1,49705.0,329.7,,,0.0,0.0,,,,,,0.0
2026-09-30T22:57:56Z,405.1,49705.0,305.7,,,0.0,0.0,,,,,,0.0
2026-09-30T22:58:01Z,410.1,49705.0,314.8,,,0.0,0.0,,,,,,0.0
2026-09-30T22:58:06Z,415.1,49705.0,324.5,,,0.0,0.0,,,,,,0.0
2026-09-30T22:58:11Z,420.1,49705.0,310.0,,,0.0,0.0,,,,,,0.0
2026-09-30T22:58:16Z,425.1,49705.0,315.1,,,0.0,0.0,,,,,,0.0
2026-09-30T22:58:21Z,430.1,49705.0,301.1,,,0.0,0.0,,,,,,0.0
2026-09-30T22:58:26Z,435.1,49705.0,290.0,,,0.0,0.0,,,,,,0.0
2026-09-30T22:58:31Z,440.1,49705.0,293.0,,,0.0,0.0,,,,,,0.0
2026-09-30T22:58:36Z,445.1,49705.0,299.7,,,0.0,0.0,,,,,,0.0
2026-09-30T22:58:41Z,450.1,49705.0,285.4,,,0.0,0.0,,,,,,0.0
2026-09-30T22:58:46Z,455.1,49705.0,324.4,,,0.0,0.0,,,,,,0.0
2026-09-30T22:58:51Z,460.1,49705.0,327.3,,,0.0,0.0,,,,,,0.0
2026-09-30T22:58:56Z,465.1,49705.0,256.5,,,0.0,0.0,,,,,,0.0
2026-09-30T22:59:01Z,470.1,49705.0,311.8,,,0.0,0.0,,,,,,0.0
2026-09-30T22:59:06Z,475.1,49705.0,284.9,,,0.0,0.0,,,,,,0.0
2026-09-30T22:59:11Z,480.1,49705.0,287.7,,,0.0,0.0,,,,,,0.0
2026-09-30T22:59:16Z,485.1,49705.0,286.4,,,0.0,0.0,,,,,,0.0
2026-09-30T22:59:21Z,490.1,49705.0,288.5,,,0.0,0.0,,,,,,0.0
2026-09-30T22:59:26Z,495.1,49705.0,353.9,,,0.0,0.0,,,,,,0.0
2026-09-30T22:59:31Z,500.1,49705.0,341.4,,,0.0,0.0,,,,,,0.0
2026-09-30T22:59:36Z,505.1,49705.0,302.4,,,0.0,0.0,,,,,,0.0
2026-09-30T22:59:41Z,510.1,49705.0,301.9,,,0.0,0.0,,,,,,0.0
2026-09-30T22:59:46Z,515.1,49705.0,295.0,,,0.0,0.0,,,,,,0.0
2026-09-30T22:59:51Z,520.1,49705.0,308.7,,,0.0,0.0,,,,,,0.0
2026-09-30T22:59:56Z,525.1,49705.0,281.2,,,0.0,0.0,,,,,,0.0
2026-09-30T23:00:01Z,530.1,49705.0,280.3,,,0.0,0.0,,,,,,0.0
2026-09-30T23:00:06Z,535.1,49705.0,266.8,,,0.0,0.0,,,,,,0.0
2026-09-30T23:00:11Z,540.1,49705.0,270.7,,,0.0,0.0,,,,,,0.0
2026-09-30T23:00:16Z,545.1,49705.0,263.8,,,0.0,0.0,,,,,,0.0
2026-09-30T23:00:21Z,550.1,49705.0,261.3,,,0.0,0.0,,,,,,0.0
2026-09-30T23:00:26Z,555.1,49705.0,298.4,,,0.0,0.0,,,,,,0.0
2026-09-30T23:00:31Z,560.1,49705.0,233.7,,,0.0,0.0,,,,,,0.0
2026-09-30T23:00:36Z,565.1,49705.0,292.0,,,0.0,0.0,,,,,,0.0
2026-09-30T23:00:41Z,570.1,49705.0,290.2,,,0.0,0.0,,,,,,0.0
2026-09-30T23:00:46Z,575.1,49705.0,283.9,,,0.0,0.0,,,,,,0.0
2026-09-30T23:00:51Z,580.1,49705.0,252.1,,,0.0,0.0,,,,,,0.0
2026-09-30T23:00:56Z,585.1,49705.0,288.1,,,0.0,0.0,,,,,,0.0
2026-09-30T23:01:01Z,590.1,49705.0,280.4,,,0.0,0.0,,,,,,0.0
2026-09-30T23:01:06Z,595.1,49705.0,282.3,,,0.0,0.0,,,,,,0.0
2026-09-30T23:01:11Z,600.1,49705.0,269.5,,,0.0,0.0,,,,,,0.0
2026-09-30T23:01:16Z,605.1,49705.0,263.7,,,0.0,0.0,,,,,,0.0
2026-09-30T23:01:21Z,610.1,49705.0,316.4,,,0.0,0.0,,,,,,0.0
2026-09-30T23:01:26Z,615.1,49705.0,305.7,,,0.0,0.0,,,,,,0.0
2026-09-30T23:01:31Z,620.1,49705.0,499.4,,,0.0,0.0,,,,,,0.0
2026-09-30T23:01:36Z,625.1,49705.0,354.8,,,0.0,0.0,,,,,,0.0
2026-09-30T23:01:41Z,630.1,49705.0,433.7,,,0.0,0.0,,,,,,0.0
2026-09-30T23:01:46Z,635.2,49705.0,562.5,,,0.0,0.0,,,,,,0.0
2026-09-30T23:01:51Z,640.2,49705.0,679.9,,,0.0,0.0,,,,,,0.0
2026-09-30T23:01:56Z,645.2,49705.0,523.6,,,0.0,0.0,,,,,,0.0
2026-09-30T23:02:01Z,650.2,49705.0,421.5,,,0.0,0.0,,,,,,0.0
2026-09-30T23:02:06Z,655.2,49705.0,415.9,,,0.0,0.0,,,,,,0.0
2026-09-30T23:02:11Z,660.2,49705.0,395.8,,,0.0,0.0,,,,,,0.0
2026-09-30T23:02:16Z,665.2,49705.0,374.1,,,0.0,0.0,,,,,,0.0
2026-09-30T23:02:21Z,670.2,49705.0,374.4,,,0.0,0.0,,,,,,0.0
2026-09-30T23:02:26Z,675.2,49705.0,352.7,,,0.0,0.0,,,,,,0.0
2026-09-30T23:02:31Z,680.2,49705.0,352.5,,,0.0,0.0,,,,,,0.0
2026-09-30T23:02:36Z,685.2,49705.0,346.3,,,0.0,0.0,,,,,,0.0
2026-09-30T23:02:41Z,690.2,49705.0,351.9,,,0.0,0.0,,,,,,0.0
2026-09-30T23:02:46Z,695.2,49705.0,344.5,,,0.0,0.0,,,,,,0.0
2026-09-30T23:02:51Z,700.2,49705.0,352.1,,,0.0,0.0,,,,,,0.0
2026-09-30T23:02:56Z,705.2,49705.0,513.5,,,0.0,0.0,,,,,,0.0
2026-09-30T23:03:01Z,710.2,49705.0,255.1,,,0.0,0.0,,,,,,0.0
2026-09-30T23:03:06Z,715.2,49705.0,461.6,,,0.0,0.0,,,,,,0.0
2026-09-30T23:03:11Z,720.2,49705.0,502.6,,,0.0,0.0,,,,,,0.0
2026-09-30T23:03:16Z,725.2,49705.0,672.8,,,0.0,0.0,,,,,,0.0
2026-09-30T23:03:21Z,730.2,49705.0,550.1,,,0.0,0.0,,,,,,0.0
2026-09-30T23:03:26Z,735.2,49705.0,520.6,,,0.0,0.0,,,,,,0.0
2026-09-30T23:03:31Z,740.2,49705.0,439.6,,,0.0,0.0,,,,,,0.0
2026-09-30T23:03:36Z,745.2,49705.0,430.8,,,0.0,0.0,,,,,,0.0
2026-09-30T23:03:41Z,750.2,49705.0,413.7,,,0.0,0.0,,,,,,0.0
2026-09-30T23:03:46Z,755.2,49705.0,389.8,,,0.0,0.0,,,,,,0.0
2026-09-30T23:03:51Z,760.2,49705.0,383.8,,,0.0,0.0,,,,,,0.0
2026-09-30T23:03:56Z,765.2,49705.0,385.8,,,0.0,0.0,,,,,,0.0
2026-09-30T23:04:01Z,770.2,49705.0,361.4,,,0.0,0.0,,,,,,0.0
2026-09-30T23:04:06Z,775.2,49705.0,366.2,,,0.0,0.0,,,,,,0.0
2026-09-30T23:04:11Z,780.2,49705.0,357.5,,,0.0,0.0,,,,,,0.0
2026-09-30T23:04:16Z,785.2,49705.0,357.4,,,0.0,0.0,,,,,,0.0
2026-09-30T23:04:21Z,790.2,49705.0,354.9,,,0.0,0.0,,,,,,0.0
2026-09-30T23:04:26Z,795.2,49705.0,541.7,,,0.0,0.0,,,,,,0.0
2026-09-30T23:04:31Z,800.2,49705.0,384.7,,,0.0,0.0,,,,,,0.0
2026-09-30T23:04:36Z,805.2,49705.0,384.7,,,0.0,0.0,,,,,,0.0
2026-09-30T23:04:41Z,810.2,49705.0,599.2,,,0.0,0.0,,,,,,0.0
2026-09-30T23:04:46Z,815.2,49705.0,625.1,,,0.0,0.0,,,,,,0.0
2026-09-30T23:04:51Z,820.2,49705.0,483.1,,,0.0,0.0,,,,,,0.0
2026-09-30T23:04:56Z,825.2,49705.0,473.8,,,0.0,0.0,,,,,,0.0
2026-09-30T23:05:01Z,830.2,49705.0,385.9,,,0.0,0.0,,,,,,0.0
2026-09-30T23:05:06Z,835.2,49705.0,374.3,,,0.0,0.0,,,,,,0.0
2026-09-30T23:05:11Z,840.2,49705.0,365.3,,,0.0,0.0,,,,,,0.0
2026-09-30T23:05:16Z,845.2,49705.0,367.1,,,0.0,0.0,,,,,,0.0
2026-09-30T23:05:21Z,850.2,49705.0,338.9,,,0.0,0.0,,,,,,0.0
2026-09-30T23:05:26Z,855.2,49705.0,364.1,,,0.0,0.0,,,,,,0.0
2026-09-30T23:05:31Z,860.2,49705.0,352.5,,,0.0,0.0,,,,,,0.0
2026-09-30T23:05:36Z,865.2,49705.0,340.6,,,0.0,0.0,,,,,,0.0
2026-09-30T23:05:41Z,870.2,49705.0,324.2,,,0.0,0.0,,,,,,0.0
2026-09-30T23:05:46Z,875.2,49705.0,339.0,,,0.0,0.0,,,,,,0.0
2026-09-30T23:05:51Z,880.2,49705.0,424.4,,,0.0,0.0,,,,,,0.0
2026-09-30T23:05:56Z,885.3,49705.0,508.1,,,0.0,0.0,,,,,,0.0
2026-09-30T23:06:01Z,890.3,49705.0,336.2,,,0.0,0.0,,,,,,0.0
2026-09-30T23:06:06Z,895.3,49705.0,676.9,,,0.0,0.0,,,,,,0.0
2026-09-30T23:06:11Z,900.3,49705.0,580.8,,,0.0,0.0,,,,,,0.0
2026-09-30T23:06:16Z,905.3,49705.0,527.3,,,0.0,0.0,,,,,,0.0
2026-09-30T23:06:21Z,910.3,49705.0,463.5,,,0.0,0.0,,,,,,0.0
2026-09-30T23:06:26Z,915.3,49705.0,454.5,,,0.0,0.0,,,,,,0.0
2026-09-30T23:06:31Z,920.3,49705.0,420.4,,,0.0,0.0,,,,,,0.0
2026-09-30T23:06:36Z,925.3,49705.0,388.9,,,0.0,0.0,,,,,,0.0
2026-09-30T23:06:41Z,930.3,49705.0,369.1,,,0.0,0.0,,,,,,0.0
2026-09-30T23:06:46Z,935.3,49705.0,368.9,,,0.0,0.0,,,,,,0.0
2026-09-30T23:06:51Z,940.3,49705.0,375.8,,,0.0,0.0,,,,,,0.0
2026-09-30T23:06:56Z,945.3,49705.0,364.8,,,0.0,0.0,,,,,,0.0
2026-09-30T23:07:01Z,950.3,49705.0,339.7,,,0.0,0.0,,,,,,0.0
2026-09-30T23:07:06Z,955.3,49705.0,328.6,,,0.0,0.0,,,,,,0.0
2026-09-30T23:07:11Z,960.3,49705.0,328.8,,,0.0,0.0,,,,,,0.0
2026-09-30T23:07:16Z,965.3,49705.0,467.4,,,0.0,0.0,,,,,,0.0
2026-09-30T23:07:21Z,970.3,49705.0,506.4,,,0.0,0.0,,,,,,0.0
2026-09-30T23:07:26Z,975.3,49705.0,227.9,,,0.0,0.0,,,,,,0.0
2026-09-30T23:07:31Z,980.3,49705.0,535.5,,,0.0,0.0,,,,,,0.0
2026-09-30T23:07:36Z,985.3,49705.0,634.5,,,0.0,0.0,,,,,,0.0
2026-09-30T23:07:41Z,990.3,49705.0,522.6,,,0.0,0.0,,,,,,0.0
2026-09-30T23:07:46Z,995.3,49705.0,498.1,,,0.0,0.0,,,,,,0.0
2026-09-30T23:07:51Z,1000.3,49705.0,427.6,,,0.0,0.0,,,,,,0.0
2026-09-30T23:07:56Z,1005.3,49705.0,390.3,,,0.0,0.0,,,,,,0.0
2026-09-30T23:08:01Z,1010.3,49705.0,377.8,,,0.0,0.0,,,,,,0.0
2026-09-30T23:08:06Z,1015.3,49705.0,368.5,,,0.0,0.0,,,,,,0.0
2026-09-30T23:08:11Z,1020.3,49705.0,374.3,,,0.0,0.0,,,,,,0.0
2026-09-30T23:08:16Z,1025.3,49705.0,327.9,,,0.0,0.0,,,,,,0.0
2026-09-30T23:08:21Z,1030.3,49705.0,354.3,,,0.0,0.0,,,,,,0.0
2026-09-30T23:08:26Z,1035.3,49705.0,11300.5,,,0.0,0.0,,,,,,0.0
