SeLockMemoryPrivilege: ENABLED -- SeLockMemoryPrivilege enabled on this process's token
TARGET REACHED (or best effort). mechanism=None held_mb=0.0 available_mb=48740.9 target_available_mb=50566.61227416992
2026-10-05T10:32:16Z,0.0,0.0,48740.9,,,0.0,0.0,,,,,,0.0
2026-10-05T10:32:21Z,5.0,0.0,48746.8,,,0.0,0.0,,,,,,0.0
2026-10-05T10:32:26Z,10.0,0.0,48752.8,,,0.0,0.0,,,,,,0.0
2026-10-05T10:32:31Z,15.0,0.0,48755.4,,,0.0,0.0,,,,,,0.0
2026-10-05T10:32:36Z,20.0,0.0,48754.9,,,0.0,0.0,,,,,,0.0
2026-10-05T10:32:41Z,25.0,0.0,48757.6,,,0.0,0.0,,,,,,0.0
2026-10-05T10:32:46Z,30.0,0.0,48757.8,,,0.0,0.0,,,,,,0.0
2026-10-05T10:32:51Z,35.0,0.0,48759.0,,,0.0,0.0,,,,,,0.0
2026-10-05T10:32:56Z,40.0,0.0,48754.5,,,0.0,0.0,,,,,,0.0
2026-10-05T10:33:01Z,45.0,0.0,48754.8,,,0.0,0.0,,,,,,0.0
2026-10-05T10:33:06Z,50.0,0.0,48753.9,,,0.0,0.0,,,,,,0.0
2026-10-05T10:33:11Z,55.0,0.0,48755.2,,,0.0,0.0,,,,,,0.0
2026-10-05T10:33:16Z,60.0,0.0,48756.2,,,0.0,0.0,,,,,,0.0
2026-10-05T10:33:21Z,65.0,0.0,48756.1,,,0.0,0.0,,,,,,0.0
2026-10-05T10:33:26Z,70.0,0.0,48758.1,,,0.0,0.0,,,,,,0.0
2026-10-05T10:33:31Z,75.0,0.0,48760.5,,,0.0,0.0,,,,,,0.0
2026-10-05T10:33:36Z,80.0,0.0,48767.7,,,0.0,0.0,,,,,,0.0
2026-10-05T10:33:41Z,85.0,0.0,48744.9,,,0.0,0.0,,,,,,0.0
2026-10-05T10:33:46Z,90.0,0.0,48766.2,,,0.0,0.0,,,,,,0.0
2026-10-05T10:33:51Z,95.0,0.0,48766.6,,,0.0,0.0,,,,,,0.0
2026-10-05T10:33:56Z,100.0,0.0,48763.5,,,0.0,0.0,,,,,,0.0
2026-10-05T10:34:01Z,105.0,0.0,48762.2,,,0.0,0.0,,,,,,0.0
2026-10-05T10:34:06Z,110.0,0.0,48762.5,,,0.0,0.0,,,,,,0.0
2026-10-05T10:34:11Z,115.0,0.0,48762.7,,,0.0,0.0,,,,,,0.0
2026-10-05T10:34:16Z,120.0,0.0,48763.5,,,0.0,0.0,,,,,,0.0
2026-10-05T10:34:21Z,125.0,0.0,48761.8,,,0.0,0.0,,,,,,0.0
2026-10-05T10:34:26Z,130.0,0.0,48765.7,,,0.0,0.0,,,,,,0.0
2026-10-05T10:34:31Z,135.0,0.0,48768.3,,,0.0,0.0,,,,,,0.0
2026-10-05T10:34:36Z,140.0,0.0,48767.9,,,0.0,0.0,,,,,,0.0
2026-10-05T10:34:41Z,145.0,0.0,48768.5,,,0.0,0.0,,,,,,0.0
2026-10-05T10:34:46Z,150.0,0.0,48770.2,,,0.0,0.0,,,,,,0.0
2026-10-05T10:34:51Z,155.0,0.0,48769.5,,,0.0,0.0,,,,,,0.0
2026-10-05T10:34:56Z,160.0,0.0,48763.1,,,0.0,0.0,,,,,,0.0
2026-10-05T10:35:01Z,165.0,0.0,48763.1,,,0.0,0.0,,,,,,0.0
2026-10-05T10:35:06Z,170.0,0.0,48762.5,,,0.0,0.0,,,,,,0.0
2026-10-05T10:35:11Z,175.0,0.0,48762.5,,,0.0,0.0,,,,,,0.0
2026-10-05T10:35:16Z,180.0,0.0,48764.8,,,0.0,0.0,,,,,,0.0
2026-10-05T10:35:21Z,185.0,0.0,48761.6,,,0.0,0.0,,,,,,0.0
2026-10-05T10:35:26Z,190.0,0.0,48763.7,,,0.0,0.0,,,,,,0.0
2026-10-05T10:35:31Z,195.0,0.0,48765.7,,,0.0,0.0,,,,,,0.0
2026-10-05T10:35:36Z,200.0,0.0,48764.9,,,0.0,0.0,,,,,,0.0
2026-10-05T10:35:41Z,205.0,0.0,48766.5,,,0.0,0.0,,,,,,0.0
2026-10-05T10:35:46Z,210.0,0.0,48766.5,,,0.0,0.0,,,,,,0.0
2026-10-05T10:35:51Z,215.0,0.0,48767.0,,,0.0,0.0,,,,,,0.0
2026-10-05T10:35:56Z,220.0,0.0,48759.9,,,0.0,0.0,,,,,,0.0
2026-10-05T10:36:01Z,225.0,0.0,48760.3,,,0.0,0.0,,,,,,0.0
2026-10-05T10:36:06Z,230.0,0.0,48760.6,,,0.0,0.0,,,,,,0.0
2026-10-05T10:36:11Z,235.0,0.0,48760.9,,,0.0,0.0,,,,,,0.0
2026-10-05T10:36:16Z,240.0,0.0,48761.7,,,0.0,0.0,,,,,,0.0
2026-10-05T10:36:21Z,245.0,0.0,48761.4,,,0.0,0.0,,,,,,0.0
2026-10-05T10:36:26Z,250.0,0.0,48764.7,,,0.0,0.0,,,,,,0.0
2026-10-05T10:36:31Z,255.0,0.0,48765.6,,,0.0,0.0,,,,,,0.0
2026-10-05T10:36:36Z,260.0,0.0,48765.0,,,0.0,0.0,,,,,,0.0
2026-10-05T10:36:41Z,265.0,0.0,48764.8,,,0.0,0.0,,,,,,0.0
2026-10-05T10:36:46Z,270.0,0.0,48765.2,,,0.0,0.0,,,,,,0.0
2026-10-05T10:36:51Z,275.0,0.0,48764.3,,,0.0,0.0,,,,,,0.0
2026-10-05T10:36:56Z,280.0,0.0,48763.3,,,0.0,0.0,,,,,,0.0
2026-10-05T10:37:01Z,285.0,0.0,48758.6,,,0.0,0.0,,,,,,0.0
2026-10-05T10:37:06Z,290.0,0.0,48759.6,,,0.0,0.0,,,,,,0.0
2026-10-05T10:37:11Z,295.0,0.0,48757.8,,,0.0,0.0,,,,,,0.0
2026-10-05T10:37:16Z,300.0,0.0,48679.8,,,0.0,0.0,,,,,,0.0
2026-10-05T10:37:21Z,305.0,0.0,48753.7,,,0.0,0.0,,,,,,0.0
2026-10-05T10:37:26Z,310.0,0.0,48758.7,,,0.0,0.0,,,,,,0.0
2026-10-05T10:37:31Z,315.0,0.0,48760.3,,,0.0,0.0,,,,,,0.0
2026-10-05T10:37:36Z,320.1,0.0,48760.2,,,0.0,0.0,,,,,,0.0
2026-10-05T10:37:41Z,325.1,0.0,48761.0,,,0.0,0.0,,,,,,0.0
2026-10-05T10:37:46Z,330.1,0.0,48760.8,,,0.0,0.0,,,,,,0.0
2026-10-05T10:37:51Z,335.1,0.0,48761.3,,,0.0,0.0,,,,,,0.0
2026-10-05T10:37:56Z,340.1,0.0,48754.9,,,0.0,0.0,,,,,,0.0
2026-10-05T10:38:01Z,345.1,0.0,48756.9,,,0.0,0.0,,,,,,0.0
2026-10-05T10:38:06Z,350.1,0.0,48757.6,,,0.0,0.0,,,,,,0.0
2026-10-05T10:38:11Z,355.1,0.0,48758.5,,,0.0,0.0,,,,,,0.0
2026-10-05T10:38:16Z,360.1,0.0,48759.0,,,0.0,0.0,,,,,,0.0
2026-10-05T10:38:21Z,365.1,0.0,48759.8,,,0.0,0.0,,,,,,0.0
2026-10-05T10:38:26Z,370.1,0.0,48761.7,,,0.0,0.0,,,,,,0.0
2026-10-05T10:38:31Z,375.1,0.0,48760.8,,,0.0,0.0,,,,,,0.0
2026-10-05T10:38:36Z,380.1,0.0,48760.4,,,0.0,0.0,,,,,,0.0
2026-10-05T10:38:41Z,385.1,0.0,48759.4,,,0.0,0.0,,,,,,0.0
2026-10-05T10:38:46Z,390.1,0.0,48759.6,,,0.0,0.0,,,,,,0.0
2026-10-05T10:38:51Z,395.1,0.0,48759.5,,,0.0,0.0,,,,,,0.0
2026-10-05T10:38:56Z,400.1,0.0,48752.7,,,0.0,0.0,,,,,,0.0
2026-10-05T10:39:01Z,405.1,0.0,48753.1,,,0.0,0.0,,,,,,0.0
2026-10-05T10:39:06Z,410.1,0.0,48755.9,,,0.0,0.0,,,,,,0.0
2026-10-05T10:39:11Z,415.1,0.0,48757.7,,,0.0,0.0,,,,,,0.0
2026-10-05T10:39:16Z,420.1,0.0,48763.4,,,0.0,0.0,,,,,,0.0
2026-10-05T10:39:21Z,425.1,0.0,48763.4,,,0.0,0.0,,,,,,0.0
2026-10-05T10:39:26Z,430.1,0.0,48764.6,,,0.0,0.0,,,,,,0.0
2026-10-05T10:39:31Z,435.1,0.0,48765.6,,,0.0,0.0,,,,,,0.0
2026-10-05T10:39:36Z,440.1,0.0,48765.2,,,0.0,0.0,,,,,,0.0
2026-10-05T10:39:41Z,445.1,0.0,48764.5,,,0.0,0.0,,,,,,0.0
2026-10-05T10:39:46Z,450.1,0.0,48765.2,,,0.0,0.0,,,,,,0.0
2026-10-05T10:39:51Z,455.1,0.0,48765.5,,,0.0,0.0,,,,,,0.0
2026-10-05T10:39:56Z,460.1,0.0,48761.4,,,0.0,0.0,,,,,,0.0
2026-10-05T10:40:01Z,465.1,0.0,48760.2,,,0.0,0.0,,,,,,0.0
2026-10-05T10:40:06Z,470.1,0.0,48760.6,,,0.0,0.0,,,,,,0.0
2026-10-05T10:40:11Z,475.1,0.0,48760.6,,,0.0,0.0,,,,,,0.0
2026-10-05T10:40:16Z,480.1,0.0,48760.8,,,0.0,0.0,,,,,,0.0
2026-10-05T10:40:21Z,485.1,0.0,48762.4,,,0.0,0.0,,,,,,0.0
2026-10-05T10:40:26Z,490.1,0.0,48763.1,,,0.0,0.0,,,,,,0.0
2026-10-05T10:40:31Z,495.1,0.0,48764.1,,,0.0,0.0,,,,,,0.0
2026-10-05T10:40:36Z,500.1,0.0,48765.3,,,0.0,0.0,,,,,,0.0
2026-10-05T10:40:41Z,505.1,0.0,48766.2,,,0.0,0.0,,,,,,0.0
2026-10-05T10:40:46Z,510.1,0.0,48767.3,,,0.0,0.0,,,,,,0.0
2026-10-05T10:40:51Z,515.1,0.0,48767.2,,,0.0,0.0,,,,,,0.0
2026-10-05T10:40:56Z,520.1,0.0,48762.0,,,0.0,0.0,,,,,,0.0
2026-10-05T10:41:01Z,525.1,0.0,48762.1,,,0.0,0.0,,,,,,0.0
2026-10-05T10:41:06Z,530.1,0.0,48762.4,,,0.0,0.0,,,,,,0.0
2026-10-05T10:41:11Z,535.1,0.0,48762.6,,,0.0,0.0,,,,,,0.0
2026-10-05T10:41:16Z,540.1,0.0,48762.1,,,0.0,0.0,,,,,,0.0
2026-10-05T10:41:21Z,545.1,0.0,48762.7,,,0.0,0.0,,,,,,0.0
2026-10-05T10:41:26Z,550.1,0.0,48763.7,,,0.0,0.0,,,,,,0.0
2026-10-05T10:41:31Z,555.1,0.0,48764.6,,,0.0,0.0,,,,,,0.0
2026-10-05T10:41:36Z,560.1,0.0,48769.6,,,0.0,0.0,,,,,,0.0
2026-10-05T10:41:41Z,565.1,0.0,48768.6,,,0.0,0.0,,,,,,0.0
2026-10-05T10:41:46Z,570.1,0.0,48768.6,,,0.0,0.0,,,,,,0.0
2026-10-05T10:41:51Z,575.1,0.0,48768.1,,,0.0,0.0,,,,,,0.0
2026-10-05T10:41:56Z,580.1,0.0,48762.7,,,0.0,0.0,,,,,,0.0
2026-10-05T10:42:01Z,585.1,0.0,48761.3,,,0.0,0.0,,,,,,0.0
2026-10-05T10:42:06Z,590.1,0.0,48760.0,,,0.0,0.0,,,,,,0.0
2026-10-05T10:42:11Z,595.1,0.0,48760.0,,,0.0,0.0,,,,,,0.0
2026-10-05T10:42:16Z,600.1,0.0,48760.1,,,0.0,0.0,,,,,,0.0
2026-10-05T10:42:21Z,605.1,0.0,48760.9,,,0.0,0.0,,,,,,0.0
2026-10-05T10:42:26Z,610.1,0.0,48762.0,,,0.0,0.0,,,,,,0.0
2026-10-05T10:42:31Z,615.1,0.0,48764.7,,,0.0,0.0,,,,,,0.0
2026-10-05T10:42:36Z,620.1,0.0,48766.0,,,0.0,0.0,,,,,,0.0
2026-10-05T10:42:41Z,625.1,0.0,48765.1,,,0.0,0.0,,,,,,0.0
2026-10-05T10:42:46Z,630.1,0.0,48766.0,,,0.0,0.0,,,,,,0.0
2026-10-05T10:42:51Z,635.1,0.0,48765.6,,,0.0,0.0,,,,,,0.0
2026-10-05T10:42:56Z,640.1,0.0,48759.4,,,0.0,0.0,,,,,,0.0
2026-10-05T10:43:01Z,645.1,0.0,48758.6,,,0.0,0.0,,,,,,0.0
2026-10-05T10:43:06Z,650.1,0.0,48758.3,,,0.0,0.0,,,,,,0.0
2026-10-05T10:43:11Z,655.1,0.0,48758.3,,,0.0,0.0,,,,,,0.0
2026-10-05T10:43:16Z,660.1,0.0,48757.8,,,0.0,0.0,,,,,,0.0
2026-10-05T10:43:21Z,665.1,0.0,48757.5,,,0.0,0.0,,,,,,0.0
2026-10-05T10:43:26Z,670.1,0.0,48752.7,,,0.0,0.0,,,,,,0.0
2026-10-05T10:43:31Z,675.1,0.0,48760.9,,,0.0,0.0,,,,,,0.0
2026-10-05T10:43:36Z,680.1,0.0,48760.4,,,0.0,0.0,,,,,,0.0
2026-10-05T10:43:41Z,685.1,0.0,48731.1,,,0.0,0.0,,,,,,0.0
2026-10-05T10:43:46Z,690.1,0.0,48758.4,,,0.0,0.0,,,,,,0.0
2026-10-05T10:43:51Z,695.1,0.0,48760.4,,,0.0,0.0,,,,,,0.0
2026-10-05T10:43:56Z,700.1,0.0,48754.9,,,0.0,0.0,,,,,,0.0
2026-10-05T10:44:01Z,705.1,0.0,48755.7,,,0.0,0.0,,,,,,0.0
2026-10-05T10:44:06Z,710.1,0.0,49398.0,,,0.0,0.0,,,,,,0.0
2026-10-05T10:44:11Z,715.1,0.0,48749.5,,,0.0,0.0,,,,,,0.0
2026-10-05T10:44:16Z,720.1,0.0,48749.3,,,0.0,0.0,,,,,,0.0
2026-10-05T10:44:21Z,725.1,0.0,48748.6,,,0.0,0.0,,,,,,0.0
2026-10-05T10:44:26Z,730.1,0.0,48747.7,,,0.0,0.0,,,,,,0.0
2026-10-05T10:44:31Z,735.1,0.0,48748.3,,,0.0,0.0,,,,,,0.0
2026-10-05T10:44:36Z,740.1,0.0,48749.2,,,0.0,0.0,,,,,,0.0
2026-10-05T10:44:41Z,745.1,0.0,48752.6,,,0.0,0.0,,,,,,0.0
2026-10-05T10:44:46Z,750.1,0.0,48757.8,,,0.0,0.0,,,,,,0.0
2026-10-05T10:44:51Z,755.1,0.0,48750.6,,,0.0,0.0,,,,,,0.0
2026-10-05T10:44:56Z,760.1,0.0,48760.8,,,0.0,0.0,,,,,,0.0
2026-10-05T10:45:01Z,765.1,0.0,48758.8,,,0.0,0.0,,,,,,0.0
2026-10-05T10:45:06Z,770.1,0.0,48757.1,,,0.0,0.0,,,,,,0.0
2026-10-05T10:45:11Z,775.1,0.0,48759.2,,,0.0,0.0,,,,,,0.0
2026-10-05T10:45:16Z,780.1,0.0,48756.3,,,0.0,0.0,,,,,,0.0
2026-10-05T10:45:21Z,785.1,0.0,48758.6,,,0.0,0.0,,,,,,0.0
2026-10-05T10:45:26Z,790.1,0.0,48760.0,,,0.0,0.0,,,,,,0.0
2026-10-05T10:45:31Z,795.1,0.0,48761.8,,,0.0,0.0,,,,,,0.0
2026-10-05T10:45:36Z,800.1,0.0,48761.8,,,0.0,0.0,,,,,,0.0
2026-10-05T10:45:41Z,805.1,0.0,48760.9,,,0.0,0.0,,,,,,0.0
2026-10-05T10:45:46Z,810.1,0.0,48761.6,,,0.0,0.0,,,,,,0.0
2026-10-05T10:45:51Z,815.1,0.0,48762.2,,,0.0,0.0,,,,,,0.0
2026-10-05T10:45:56Z,820.1,0.0,48758.3,,,0.0,0.0,,,,,,0.0
2026-10-05T10:46:01Z,825.1,0.0,48756.8,,,0.0,0.0,,,,,,0.0
2026-10-05T10:46:06Z,830.1,0.0,48757.9,,,0.0,0.0,,,,,,0.0
2026-10-05T10:46:11Z,835.1,0.0,48757.7,,,0.0,0.0,,,,,,0.0
2026-10-05T10:46:16Z,840.1,0.0,48758.7,,,0.0,0.0,,,,,,0.0
2026-10-05T10:46:21Z,845.2,0.0,48759.9,,,0.0,0.0,,,,,,0.0
2026-10-05T10:46:26Z,850.2,0.0,48763.1,,,0.0,0.0,,,,,,0.0
2026-10-05T10:46:31Z,855.2,0.0,48764.4,,,0.0,0.0,,,,,,0.0
2026-10-05T10:46:36Z,860.2,0.0,48765.1,,,0.0,0.0,,,,,,0.0
2026-10-05T10:46:41Z,865.2,0.0,48765.2,,,0.0,0.0,,,,,,0.0
2026-10-05T10:46:46Z,870.2,0.0,48764.3,,,0.0,0.0,,,,,,0.0
2026-10-05T10:46:51Z,875.2,0.0,48765.6,,,0.0,0.0,,,,,,0.0
2026-10-05T10:46:56Z,880.2,0.0,48759.2,,,0.0,0.0,,,,,,0.0
2026-10-05T10:47:01Z,885.2,0.0,48757.7,,,0.0,0.0,,,,,,0.0
2026-10-05T10:47:06Z,890.2,0.0,48757.7,,,0.0,0.0,,,,,,0.0
2026-10-05T10:47:11Z,895.2,0.0,48756.9,,,0.0,0.0,,,,,,0.0
2026-10-05T10:47:16Z,900.2,0.0,48762.7,,,0.0,0.0,,,,,,0.0
2026-10-05T10:47:21Z,905.2,0.0,48761.6,,,0.0,0.0,,,,,,0.0
2026-10-05T10:47:26Z,910.2,0.0,48763.5,,,0.0,0.0,,,,,,0.0
2026-10-05T10:47:31Z,915.2,0.0,48764.4,,,0.0,0.0,,,,,,0.0
2026-10-05T10:47:36Z,920.2,0.0,48764.8,,,0.0,0.0,,,,,,0.0
2026-10-05T10:47:41Z,925.2,0.0,48764.3,,,0.0,0.0,,,,,,0.0
2026-10-05T10:47:46Z,930.2,0.0,48764.5,,,0.0,0.0,,,,,,0.0
2026-10-05T10:47:51Z,935.2,0.0,48764.0,,,0.0,0.0,,,,,,0.0
2026-10-05T10:47:56Z,940.2,0.0,48758.6,,,0.0,0.0,,,,,,0.0
2026-10-05T10:48:01Z,945.2,0.0,48759.3,,,0.0,0.0,,,,,,0.0
2026-10-05T10:48:06Z,950.2,0.0,48758.8,,,0.0,0.0,,,,,,0.0
2026-10-05T10:48:11Z,955.2,0.0,48758.7,,,0.0,0.0,,,,,,0.0
2026-10-05T10:48:16Z,960.2,0.0,48759.7,,,0.0,0.0,,,,,,0.0
2026-10-05T10:48:21Z,965.2,0.0,48760.5,,,0.0,0.0,,,,,,0.0
2026-10-05T10:48:26Z,970.2,0.0,48762.3,,,0.0,0.0,,,,,,0.0
2026-10-05T10:48:31Z,975.2,0.0,48765.1,,,0.0,0.0,,,,,,0.0
2026-10-05T10:48:36Z,980.2,0.0,48764.8,,,0.0,0.0,,,,,,0.0
2026-10-05T10:48:41Z,985.2,0.0,48765.5,,,0.0,0.0,,,,,,0.0
2026-10-05T10:48:46Z,990.2,0.0,48764.4,,,0.0,0.0,,,,,,0.0
2026-10-05T10:48:51Z,995.2,0.0,48764.9,,,0.0,0.0,,,,,,0.0
2026-10-05T10:48:56Z,1000.2,0.0,48757.4,,,0.0,0.0,,,,,,0.0
2026-10-05T10:49:01Z,1005.2,0.0,48757.8,,,0.0,0.0,,,,,,0.0
2026-10-05T10:49:06Z,1010.2,0.0,48757.9,,,0.0,0.0,,,,,,0.0
2026-10-05T10:49:11Z,1015.2,0.0,48757.1,,,0.0,0.0,,,,,,0.0
2026-10-05T10:49:16Z,1020.2,0.0,48757.4,,,0.0,0.0,,,,,,0.0
2026-10-05T10:49:21Z,1025.2,0.0,48756.6,,,0.0,0.0,,,,,,0.0
2026-10-05T10:49:26Z,1030.2,0.0,48756.7,,,0.0,0.0,,,,,,0.0
