SeLockMemoryPrivilege: ENABLED -- SeLockMemoryPrivilege enabled on this process's token
AWE chunk: requested 524288 pages, got 524288. held_mb=2048.0 avail_mb=60393.8
AWE chunk: requested 524288 pages, got 524288. held_mb=4096.0 avail_mb=58355.8
AWE chunk: requested 524288 pages, got 524288. held_mb=6144.0 avail_mb=56304.2
AWE chunk: requested 524288 pages, got 524288. held_mb=8192.0 avail_mb=54252.1
AWE chunk: requested 524288 pages, got 524288. held_mb=10240.0 avail_mb=52200.1
AWE chunk: requested 524288 pages, got 524288. held_mb=12288.0 avail_mb=50147.7
AWE chunk: requested 524288 pages, got 524288. held_mb=14336.0 avail_mb=48098.5
AWE chunk: requested 524288 pages, got 524288. held_mb=16384.0 avail_mb=46046.5
AWE chunk: requested 524288 pages, got 524288. held_mb=18432.0 avail_mb=43995.5
AWE chunk: requested 524288 pages, got 524288. held_mb=20480.0 avail_mb=41943.4
AWE chunk: requested 524288 pages, got 524288. held_mb=22528.0 avail_mb=39891.3
AWE chunk: requested 524288 pages, got 524288. held_mb=24576.0 avail_mb=37843.2
AWE chunk: requested 524288 pages, got 524288. held_mb=26624.0 avail_mb=35792.0
AWE chunk: requested 524288 pages, got 524288. held_mb=28672.0 avail_mb=33740.0
AWE chunk: requested 524288 pages, got 524288. held_mb=30720.0 avail_mb=31687.8
AWE chunk: requested 524288 pages, got 524288. held_mb=32768.0 avail_mb=29635.7
AWE chunk: requested 524288 pages, got 524288. held_mb=34816.0 avail_mb=27585.2
AWE chunk: requested 524288 pages, got 524288. held_mb=36864.0 avail_mb=25533.1
AWE chunk: requested 524288 pages, got 524288. held_mb=38912.0 avail_mb=23481.0
AWE chunk: requested 524288 pages, got 524288. held_mb=40960.0 avail_mb=21430.1
AWE chunk: requested 524288 pages, got 524288. held_mb=43008.0 avail_mb=19381.8
AWE chunk: requested 524288 pages, got 524288. held_mb=45056.0 avail_mb=17329.6
AWE chunk: requested 524288 pages, got 524288. held_mb=47104.0 avail_mb=15273.2
AWE chunk: requested 492099 pages, got 492099. held_mb=49026.3 avail_mb=13219.3
TARGET REACHED (or best effort). mechanism=AWE held_mb=49026.3 available_mb=11284.3 target_available_mb=11297.07
2026-09-29T08:29:49Z,0.0,49026.3,11284.2,,,0.0,0.0,,,,,,0.0
2026-09-29T08:29:54Z,5.0,49026.3,9926.9,,,0.0,0.0,,,,,,0.0
2026-09-29T08:29:59Z,10.0,49026.3,2644.6,,,0.0,0.0,,,,,,0.0
2026-09-29T08:30:04Z,15.0,49026.3,1110.6,,,0.0,0.0,,,,,,0.0
2026-09-29T08:30:09Z,20.0,49026.3,700.0,,,0.0,0.0,,,,,,0.0
2026-09-29T08:30:14Z,25.0,49026.3,421.8,,,0.0,0.0,,,,,,0.0
2026-09-29T08:30:19Z,30.0,49026.3,175.0,,,0.0,0.0,,,,,,0.0
2026-09-29T08:30:24Z,35.0,49026.3,175.0,,,0.0,0.0,,,,,,0.0
2026-09-29T08:30:29Z,40.0,49026.3,271.3,,,0.0,0.0,,,,,,0.0
2026-09-29T08:30:34Z,45.0,49026.3,518.3,,,0.0,0.0,,,,,,0.0
2026-09-29T08:30:39Z,50.0,49026.3,608.8,,,0.0,0.0,,,,,,0.0
2026-09-29T08:30:44Z,55.0,49026.3,607.2,,,0.0,0.0,,,,,,0.0
2026-09-29T08:30:49Z,60.0,49026.3,606.8,,,0.0,0.0,,,,,,0.0
2026-09-29T08:30:54Z,65.0,49026.3,609.1,,,0.0,0.0,,,,,,0.0
2026-09-29T08:30:59Z,70.0,49026.3,548.9,,,0.0,0.0,,,,,,0.0
2026-09-29T08:31:04Z,75.0,49026.3,543.1,,,0.0,0.0,,,,,,0.0
2026-09-29T08:31:09Z,80.0,49026.3,539.4,,,0.0,0.0,,,,,,0.0
2026-09-29T08:31:14Z,85.0,49026.3,556.1,,,0.0,0.0,,,,,,0.0
2026-09-29T08:31:19Z,90.0,49026.3,550.0,,,0.0,0.0,,,,,,0.0
2026-09-29T08:31:24Z,95.0,49026.3,522.9,,,0.0,0.0,,,,,,0.0
2026-09-29T08:31:29Z,100.0,49026.3,539.0,,,0.0,0.0,,,,,,0.0
2026-09-29T08:31:34Z,105.0,49026.3,545.2,,,0.0,0.0,,,,,,0.0
2026-09-29T08:31:39Z,110.0,49026.3,558.1,,,0.0,0.0,,,,,,0.0
2026-09-29T08:31:44Z,115.0,49026.3,551.5,,,0.0,0.0,,,,,,0.0
2026-09-29T08:31:49Z,120.0,49026.3,559.0,,,0.0,0.0,,,,,,0.0
2026-09-29T08:31:54Z,125.0,49026.3,545.1,,,0.0,0.0,,,,,,0.0
2026-09-29T08:31:59Z,130.0,49026.3,548.5,,,0.0,0.0,,,,,,0.0
2026-09-29T08:32:04Z,135.0,49026.3,546.9,,,0.0,0.0,,,,,,0.0
2026-09-29T08:32:09Z,140.0,49026.3,554.3,,,0.0,0.0,,,,,,0.0
2026-09-29T08:32:14Z,145.0,49026.3,556.8,,,0.0,0.0,,,,,,0.0
2026-09-29T08:32:19Z,150.0,49026.3,530.8,,,0.0,0.0,,,,,,0.0
2026-09-29T08:32:24Z,155.0,49026.3,546.5,,,0.0,0.0,,,,,,0.0
2026-09-29T08:32:29Z,160.0,49026.3,531.4,,,0.0,0.0,,,,,,0.0
2026-09-29T08:32:34Z,165.0,49026.3,531.4,,,0.0,0.0,,,,,,0.0
2026-09-29T08:32:39Z,170.0,49026.3,530.6,,,0.0,0.0,,,,,,0.0
2026-09-29T08:32:44Z,175.0,49026.3,539.2,,,0.0,0.0,,,,,,0.0
2026-09-29T08:32:49Z,180.0,49026.3,538.3,,,0.0,0.0,,,,,,0.0
2026-09-29T08:32:54Z,185.0,49026.3,534.8,,,0.0,0.0,,,,,,0.0
2026-09-29T08:32:59Z,190.0,49026.3,533.9,,,0.0,0.0,,,,,,0.0
2026-09-29T08:33:04Z,195.0,49026.3,512.3,,,0.0,0.0,,,,,,0.0
2026-09-29T08:33:09Z,200.0,49026.3,519.7,,,0.0,0.0,,,,,,0.0
2026-09-29T08:33:14Z,205.1,49026.3,548.1,,,0.0,0.0,,,,,,0.0
2026-09-29T08:33:19Z,210.1,49026.3,534.3,,,0.0,0.0,,,,,,0.0
2026-09-29T08:33:24Z,215.1,49026.3,522.3,,,0.0,0.0,,,,,,0.0
2026-09-29T08:33:29Z,220.1,49026.3,521.9,,,0.0,0.0,,,,,,0.0
2026-09-29T08:33:34Z,225.1,49026.3,519.3,,,0.0,0.0,,,,,,0.0
2026-09-29T08:33:39Z,230.1,49026.3,526.1,,,0.0,0.0,,,,,,0.0
2026-09-29T08:33:44Z,235.1,49026.3,524.8,,,0.0,0.0,,,,,,0.0
2026-09-29T08:33:49Z,240.1,49026.3,511.3,,,0.0,0.0,,,,,,0.0
2026-09-29T08:33:54Z,245.1,49026.3,522.5,,,0.0,0.0,,,,,,0.0
2026-09-29T08:33:59Z,250.1,49026.3,489.8,,,0.0,0.0,,,,,,0.0
2026-09-29T08:34:04Z,255.1,49026.3,522.8,,,0.0,0.0,,,,,,0.0
2026-09-29T08:34:09Z,260.1,49026.3,527.4,,,0.0,0.0,,,,,,0.0
2026-09-29T08:34:14Z,265.1,49026.3,531.5,,,0.0,0.0,,,,,,0.0
2026-09-29T08:34:19Z,270.1,49026.3,503.8,,,0.0,0.0,,,,,,0.0
2026-09-29T08:34:24Z,275.1,49026.3,509.2,,,0.0,0.0,,,,,,0.0
2026-09-29T08:34:29Z,280.1,49026.3,512.3,,,0.0,0.0,,,,,,0.0
2026-09-29T08:34:34Z,285.1,49026.3,511.3,,,0.0,0.0,,,,,,0.0
2026-09-29T08:34:39Z,290.1,49026.3,518.2,,,0.0,0.0,,,,,,0.0
2026-09-29T08:34:44Z,295.1,49026.3,509.8,,,0.0,0.0,,,,,,0.0
2026-09-29T08:34:49Z,300.1,49026.3,511.9,,,0.0,0.0,,,,,,0.0
2026-09-29T08:34:54Z,305.1,49026.3,508.9,,,0.0,0.0,,,,,,0.0
2026-09-29T08:34:59Z,310.1,49026.3,509.3,,,0.0,0.0,,,,,,0.0
2026-09-29T08:35:04Z,315.1,49026.3,499.0,,,0.0,0.0,,,,,,0.0
2026-09-29T08:35:09Z,320.1,49026.3,508.6,,,0.0,0.0,,,,,,0.0
2026-09-29T08:35:14Z,325.1,49026.3,472.9,,,0.0,0.0,,,,,,0.0
2026-09-29T08:35:19Z,330.1,49026.3,508.4,,,0.0,0.0,,,,,,0.0
2026-09-29T08:35:24Z,335.1,49026.3,498.1,,,0.0,0.0,,,,,,0.0
2026-09-29T08:35:29Z,340.1,49026.3,505.2,,,0.0,0.0,,,,,,0.0
2026-09-29T08:35:34Z,345.1,49026.3,501.2,,,0.0,0.0,,,,,,0.0
2026-09-29T08:35:39Z,350.1,49026.3,519.0,,,0.0,0.0,,,,,,0.0
2026-09-29T08:35:44Z,355.1,49026.3,534.6,,,0.0,0.0,,,,,,0.0
2026-09-29T08:35:49Z,360.1,49026.3,531.3,,,0.0,0.0,,,,,,0.0
2026-09-29T08:35:54Z,365.1,49026.3,521.8,,,0.0,0.0,,,,,,0.0
2026-09-29T08:35:59Z,370.1,49026.3,531.0,,,0.0,0.0,,,,,,0.0
2026-09-29T08:36:04Z,375.1,49026.3,522.6,,,0.0,0.0,,,,,,0.0
2026-09-29T08:36:09Z,380.1,49026.3,516.5,,,0.0,0.0,,,,,,0.0
2026-09-29T08:36:14Z,385.1,49026.3,560.4,,,0.0,0.0,,,,,,0.0
2026-09-29T08:36:19Z,390.1,49026.3,544.2,,,0.0,0.0,,,,,,0.0
2026-09-29T08:36:24Z,395.1,49026.3,542.3,,,0.0,0.0,,,,,,0.0
2026-09-29T08:36:29Z,400.1,49026.3,539.4,,,0.0,0.0,,,,,,0.0
2026-09-29T08:36:34Z,405.1,49026.3,541.6,,,0.0,0.0,,,,,,0.0
2026-09-29T08:36:39Z,410.1,49026.3,541.7,,,0.0,0.0,,,,,,0.0
2026-09-29T08:36:44Z,415.1,49026.3,548.2,,,0.0,0.0,,,,,,0.0
2026-09-29T08:36:49Z,420.1,49026.3,547.0,,,0.0,0.0,,,,,,0.0
2026-09-29T08:36:54Z,425.1,49026.3,546.2,,,0.0,0.0,,,,,,0.0
2026-09-29T08:36:59Z,430.1,49026.3,535.2,,,0.0,0.0,,,,,,0.0
2026-09-29T08:37:04Z,435.1,49026.3,542.3,,,0.0,0.0,,,,,,0.0
2026-09-29T08:37:09Z,440.1,49026.3,548.8,,,0.0,0.0,,,,,,0.0
2026-09-29T08:37:14Z,445.1,49026.3,515.4,,,0.0,0.0,,,,,,0.0
2026-09-29T08:37:19Z,450.1,49026.3,559.6,,,0.0,0.0,,,,,,0.0
2026-09-29T08:37:24Z,455.1,49026.3,545.3,,,0.0,0.0,,,,,,0.0
2026-09-29T08:37:29Z,460.1,49026.3,572.9,,,0.0,0.0,,,,,,0.0
2026-09-29T08:37:34Z,465.1,49026.3,575.2,,,0.0,0.0,,,,,,0.0
2026-09-29T08:37:39Z,470.1,49026.3,572.5,,,0.0,0.0,,,,,,0.0
2026-09-29T08:37:44Z,475.1,49026.3,570.9,,,0.0,0.0,,,,,,0.0
2026-09-29T08:37:49Z,480.1,49026.3,556.7,,,0.0,0.0,,,,,,0.0
2026-09-29T08:37:54Z,485.1,49026.3,576.2,,,0.0,0.0,,,,,,0.0
2026-09-29T08:37:59Z,490.1,49026.3,562.3,,,0.0,0.0,,,,,,0.0
2026-09-29T08:38:04Z,495.1,49026.3,570.0,,,0.0,0.0,,,,,,0.0
2026-09-29T08:38:09Z,500.1,49026.3,548.3,,,0.0,0.0,,,,,,0.0
2026-09-29T08:38:14Z,505.1,49026.3,575.4,,,0.0,0.0,,,,,,0.0
2026-09-29T08:38:19Z,510.1,49026.3,570.8,,,0.0,0.0,,,,,,0.0
2026-09-29T08:38:24Z,515.1,49026.3,570.1,,,0.0,0.0,,,,,,0.0
2026-09-29T08:38:29Z,520.1,49026.3,566.8,,,0.0,0.0,,,,,,0.0
2026-09-29T08:38:34Z,525.1,49026.3,565.4,,,0.0,0.0,,,,,,0.0
2026-09-29T08:38:39Z,530.1,49026.3,567.7,,,0.0,0.0,,,,,,0.0
2026-09-29T08:38:44Z,535.1,49026.3,569.9,,,0.0,0.0,,,,,,0.0
2026-09-29T08:38:49Z,540.1,49026.3,556.5,,,0.0,0.0,,,,,,0.0
2026-09-29T08:38:54Z,545.1,49026.3,573.5,,,0.0,0.0,,,,,,0.0
2026-09-29T08:38:59Z,550.1,49026.3,571.3,,,0.0,0.0,,,,,,0.0
2026-09-29T08:39:04Z,555.1,49026.3,572.0,,,0.0,0.0,,,,,,0.0
2026-09-29T08:39:09Z,560.1,49026.3,570.9,,,0.0,0.0,,,,,,0.0
2026-09-29T08:39:14Z,565.1,49026.3,574.2,,,0.0,0.0,,,,,,0.0
2026-09-29T08:39:19Z,570.1,49026.3,574.7,,,0.0,0.0,,,,,,0.0
2026-09-29T08:39:24Z,575.1,49026.3,336.5,,,0.0,0.0,,,,,,0.0
2026-09-29T08:39:29Z,580.1,49026.3,284.4,,,0.0,0.0,,,,,,0.0
2026-09-29T08:39:34Z,585.1,49026.3,172.4,,,0.0,0.0,,,,,,0.0
2026-09-29T08:39:39Z,590.1,49026.3,188.0,,,0.0,0.0,,,,,,0.0
2026-09-29T08:39:44Z,595.1,49026.3,220.4,,,0.0,0.0,,,,,,0.0
2026-09-29T08:39:49Z,600.1,49026.3,165.8,,,0.0,0.0,,,,,,0.0
2026-09-29T08:39:54Z,605.1,49026.3,168.3,,,0.0,0.0,,,,,,0.0
2026-09-29T08:39:59Z,610.1,49026.3,292.4,,,0.0,0.0,,,,,,0.0
2026-09-29T08:40:04Z,615.1,49026.3,251.3,,,0.0,0.0,,,,,,0.0
2026-09-29T08:40:09Z,620.1,49026.3,260.6,,,0.0,0.0,,,,,,0.0
2026-09-29T08:40:14Z,625.1,49026.3,590.2,,,0.0,0.0,,,,,,0.0
2026-09-29T08:40:19Z,630.1,49026.3,397.9,,,0.0,0.0,,,,,,0.0
2026-09-29T08:40:24Z,635.1,49026.3,133.8,,,0.0,0.0,,,,,,0.0
2026-09-29T08:40:29Z,640.1,49026.3,388.9,,,0.0,0.0,,,,,,0.0
2026-09-29T08:40:34Z,645.1,49026.3,260.2,,,0.0,0.0,,,,,,0.0
2026-09-29T08:40:39Z,650.1,49026.3,269.3,,,0.0,0.0,,,,,,0.0
2026-09-29T08:40:44Z,655.1,49026.3,264.3,,,0.0,0.0,,,,,,0.0
2026-09-29T08:40:49Z,660.1,49026.3,285.7,,,0.0,0.0,,,,,,0.0
2026-09-29T08:40:54Z,665.1,49026.3,277.6,,,0.0,0.0,,,,,,0.0
2026-09-29T08:40:59Z,670.1,49026.3,262.0,,,0.0,0.0,,,,,,0.0
2026-09-29T08:41:04Z,675.1,49026.3,248.4,,,0.0,0.0,,,,,,0.0
2026-09-29T08:41:09Z,680.1,49026.3,251.2,,,0.0,0.0,,,,,,0.0
2026-09-29T08:41:14Z,685.1,49026.3,301.6,,,0.0,0.0,,,,,,0.0
2026-09-29T08:41:19Z,690.1,49026.3,280.7,,,0.0,0.0,,,,,,0.0
2026-09-29T08:41:24Z,695.1,49026.3,288.0,,,0.0,0.0,,,,,,0.0
2026-09-29T08:41:29Z,700.1,49026.3,260.0,,,0.0,0.0,,,,,,0.0
2026-09-29T08:41:34Z,705.1,49026.3,259.5,,,0.0,0.0,,,,,,0.0
2026-09-29T08:41:39Z,710.1,49026.3,123.5,,,0.0,0.0,,,,,,0.0
2026-09-29T08:41:44Z,715.1,49026.3,650.1,,,0.0,0.0,,,,,,0.0
2026-09-29T08:41:49Z,720.1,49026.3,382.7,,,0.0,0.0,,,,,,0.0
2026-09-29T08:41:54Z,725.1,49026.3,505.2,,,0.0,0.0,,,,,,0.0
2026-09-29T08:41:59Z,730.1,49026.3,524.2,,,0.0,0.0,,,,,,0.0
2026-09-29T08:42:04Z,735.1,49026.3,489.0,,,0.0,0.0,,,,,,0.0
2026-09-29T08:42:09Z,740.1,49026.3,491.8,,,0.0,0.0,,,,,,0.0
2026-09-29T08:42:14Z,745.1,49026.3,488.8,,,0.0,0.0,,,,,,0.0
2026-09-29T08:42:19Z,750.1,49026.3,480.3,,,0.0,0.0,,,,,,0.0
2026-09-29T08:42:24Z,755.1,49026.3,469.5,,,0.0,0.0,,,,,,0.0
2026-09-29T08:42:29Z,760.1,49026.3,465.6,,,0.0,0.0,,,,,,0.0
2026-09-29T08:42:34Z,765.1,49026.3,459.5,,,0.0,0.0,,,,,,0.0
2026-09-29T08:42:39Z,770.1,49026.3,410.0,,,0.0,0.0,,,,,,0.0
2026-09-29T08:42:44Z,775.1,49026.3,464.0,,,0.0,0.0,,,,,,0.0
2026-09-29T08:42:49Z,780.1,49026.3,435.8,,,0.0,0.0,,,,,,0.0
2026-09-29T08:42:54Z,785.1,49026.3,450.2,,,0.0,0.0,,,,,,0.0
2026-09-29T08:42:59Z,790.2,49026.3,438.3,,,0.0,0.0,,,,,,0.0
2026-09-29T08:43:04Z,795.2,49026.3,17.5,,,0.0,0.0,,,,,,0.0
2026-09-29T08:43:09Z,800.2,49026.3,618.7,,,0.0,0.0,,,,,,0.0
2026-09-29T08:43:14Z,805.2,49026.3,216.2,,,0.0,0.0,,,,,,0.0
2026-09-29T08:43:19Z,810.2,49026.3,275.3,,,0.0,0.0,,,,,,0.0
2026-09-29T08:43:24Z,815.2,49026.3,332.8,,,0.0,0.0,,,,,,0.0
2026-09-29T08:43:29Z,820.2,49026.3,332.4,,,0.0,0.0,,,,,,0.0
2026-09-29T08:43:34Z,825.2,49026.3,315.6,,,0.0,0.0,,,,,,0.0
2026-09-29T08:43:39Z,830.2,49026.3,364.9,,,0.0,0.0,,,,,,0.0
2026-09-29T08:43:44Z,835.2,49026.3,344.4,,,0.0,0.0,,,,,,0.0
2026-09-29T08:43:49Z,840.2,49026.3,340.3,,,0.0,0.0,,,,,,0.0
2026-09-29T08:43:54Z,845.2,49026.3,326.8,,,0.0,0.0,,,,,,0.0
2026-09-29T08:43:59Z,850.2,49026.3,335.1,,,0.0,0.0,,,,,,0.0
2026-09-29T08:44:04Z,855.2,49026.3,340.4,,,0.0,0.0,,,,,,0.0
2026-09-29T08:44:09Z,860.2,49026.3,328.6,,,0.0,0.0,,,,,,0.0
2026-09-29T08:44:14Z,865.2,49026.3,331.2,,,0.0,0.0,,,,,,0.0
2026-09-29T08:44:19Z,870.2,49026.3,334.0,,,0.0,0.0,,,,,,0.0
2026-09-29T08:44:24Z,875.2,49026.3,326.2,,,0.0,0.0,,,,,,0.0
2026-09-29T08:44:29Z,880.2,49026.3,330.5,,,0.0,0.0,,,,,,0.0
2026-09-29T08:44:34Z,885.2,49026.3,593.7,,,0.0,0.0,,,,,,0.0
2026-09-29T08:44:39Z,890.2,49026.3,535.3,,,0.0,0.0,,,,,,0.0
2026-09-29T08:44:44Z,895.2,49026.3,578.1,,,0.0,0.0,,,,,,0.0
2026-09-29T08:44:49Z,900.2,49026.3,685.6,,,0.0,0.0,,,,,,0.0
2026-09-29T08:44:54Z,905.2,49026.3,658.2,,,0.0,0.0,,,,,,0.0
2026-09-29T08:44:59Z,910.2,49026.3,653.8,,,0.0,0.0,,,,,,0.0
2026-09-29T08:45:04Z,915.2,49026.3,612.7,,,0.0,0.0,,,,,,0.0
2026-09-29T08:45:09Z,920.2,49026.3,600.3,,,0.0,0.0,,,,,,0.0
2026-09-29T08:45:14Z,925.2,49026.3,618.7,,,0.0,0.0,,,,,,0.0
2026-09-29T08:45:19Z,930.2,49026.3,599.0,,,0.0,0.0,,,,,,0.0
2026-09-29T08:45:24Z,935.2,49026.3,587.3,,,0.0,0.0,,,,,,0.0
2026-09-29T08:45:29Z,940.2,49026.3,586.7,,,0.0,0.0,,,,,,0.0
2026-09-29T08:45:34Z,945.2,49026.3,579.5,,,0.0,0.0,,,,,,0.0
2026-09-29T08:45:39Z,950.2,49026.3,569.2,,,0.0,0.0,,,,,,0.0
2026-09-29T08:45:44Z,955.2,49026.3,568.2,,,0.0,0.0,,,,,,0.0
2026-09-29T08:45:49Z,960.2,49026.3,562.0,,,0.0,0.0,,,,,,0.0
2026-09-29T08:45:54Z,965.2,49026.3,561.6,,,0.0,0.0,,,,,,0.0
2026-09-29T08:45:59Z,970.2,49026.3,752.8,,,0.0,0.0,,,,,,0.0
2026-09-29T08:46:04Z,975.2,49026.3,467.8,,,0.0,0.0,,,,,,0.0
2026-09-29T08:46:09Z,980.2,49026.3,531.1,,,0.0,0.0,,,,,,0.0
2026-09-29T08:46:14Z,985.2,49026.3,518.0,,,0.0,0.0,,,,,,0.0
2026-09-29T08:46:19Z,990.2,49026.3,479.1,,,0.0,0.0,,,,,,0.0
2026-09-29T08:46:24Z,995.2,49026.3,463.5,,,0.0,0.0,,,,,,0.0
2026-09-29T08:46:29Z,1000.2,49026.3,376.1,,,0.0,0.0,,,,,,0.0
2026-09-29T08:46:34Z,1005.2,49026.3,439.8,,,0.0,0.0,,,,,,0.0
2026-09-29T08:46:39Z,1010.2,49026.3,432.4,,,0.0,0.0,,,,,,0.0
2026-09-29T08:46:44Z,1015.2,49026.3,442.2,,,0.0,0.0,,,,,,0.0
2026-09-29T08:46:49Z,1020.2,49026.3,424.0,,,0.0,0.0,,,,,,0.0
2026-09-29T08:46:54Z,1025.2,49026.3,420.0,,,0.0,0.0,,,,,,0.0
2026-09-29T08:46:59Z,1030.2,49026.3,394.6,,,0.0,0.0,,,,,,0.0
2026-09-29T08:47:04Z,1035.2,49026.3,402.3,,,0.0,0.0,,,,,,0.0
