SeLockMemoryPrivilege: ENABLED -- SeLockMemoryPrivilege enabled on this process's token
AWE chunk: requested 524288 pages, got 524288. held_mb=2048.0 avail_mb=61452.2
AWE chunk: requested 524288 pages, got 524288. held_mb=4096.0 avail_mb=59392.2
AWE chunk: requested 524288 pages, got 524288. held_mb=6144.0 avail_mb=57328.9
AWE chunk: requested 524288 pages, got 524288. held_mb=8192.0 avail_mb=55231.0
AWE chunk: requested 524288 pages, got 524288. held_mb=10240.0 avail_mb=53156.8
AWE chunk: requested 524288 pages, got 524288. held_mb=12288.0 avail_mb=51155.3
AWE chunk: requested 524288 pages, got 524288. held_mb=14336.0 avail_mb=49113.1
AWE chunk: requested 524288 pages, got 524288. held_mb=16384.0 avail_mb=47065.5
AWE chunk: requested 524288 pages, got 524288. held_mb=18432.0 avail_mb=45013.3
AWE chunk: requested 524288 pages, got 524288. held_mb=20480.0 avail_mb=42966.8
AWE chunk: requested 524288 pages, got 524288. held_mb=22528.0 avail_mb=40908.4
AWE chunk: requested 524288 pages, got 524288. held_mb=24576.0 avail_mb=38851.8
AWE chunk: requested 524288 pages, got 524288. held_mb=26624.0 avail_mb=36796.5
AWE chunk: requested 524288 pages, got 524288. held_mb=28672.0 avail_mb=34744.5
AWE chunk: requested 524288 pages, got 524288. held_mb=30720.0 avail_mb=32689.3
AWE chunk: requested 524288 pages, got 524288. held_mb=32768.0 avail_mb=30634.9
AWE chunk: requested 524288 pages, got 524288. held_mb=34816.0 avail_mb=28580.6
AWE chunk: requested 524288 pages, got 524288. held_mb=36864.0 avail_mb=26525.6
AWE chunk: requested 524288 pages, got 524288. held_mb=38912.0 avail_mb=24472.3
AWE chunk: requested 524288 pages, got 524288. held_mb=40960.0 avail_mb=22418.7
AWE chunk: requested 524288 pages, got 524288. held_mb=43008.0 avail_mb=20366.9
AWE chunk: requested 524288 pages, got 524288. held_mb=45056.0 avail_mb=18315.1
AWE chunk: requested 524288 pages, got 524288. held_mb=47104.0 avail_mb=16263.2
AWE chunk: requested 524288 pages, got 524288. held_mb=49152.0 avail_mb=14206.4
AWE chunk: requested 524288 pages, got 524288. held_mb=51200.0 avail_mb=12151.5
AWE chunk: requested 524288 pages, got 524288. held_mb=53248.0 avail_mb=10096.2
AWE chunk: requested 524288 pages, got 524288. held_mb=55296.0 avail_mb=8044.0
AWE chunk: requested 210771 pages, got 210771. held_mb=56119.3 avail_mb=5988.5
TARGET REACHED (or best effort). mechanism=AWE held_mb=56119.3 available_mb=5168.1 target_available_mb=5165.200000000001
2026-09-28T22:23:17Z,0.0,56119.3,5168.1,,,0.0,0.0,,,,,,0.0
2026-09-28T22:23:22Z,5.0,56119.3,222.5,,,0.0,0.0,,,,,,0.0
2026-09-28T22:23:28Z,10.2,56119.3,619.5,,,0.0,0.0,,,,,,0.2
2026-09-28T22:23:32Z,15.2,56119.3,435.7,,,0.0,0.0,,,,,,0.1
2026-09-28T22:23:38Z,20.3,56119.3,533.2,,,0.0,0.0,,,,,,0.2
2026-09-28T22:23:43Z,25.4,56119.3,596.1,,,0.0,0.0,,,,,,0.2
2026-09-28T22:23:48Z,30.5,56119.3,438.3,,,0.0,0.0,,,,,,0.1
2026-09-28T22:23:53Z,35.6,56119.3,6.2,,,0.0,0.0,,,,,,0.0
2026-09-28T22:23:58Z,40.8,56119.3,348.2,,,0.0,0.0,,,,,,0.1
2026-09-28T22:24:03Z,45.8,56119.3,259.2,,,0.0,0.0,,,,,,0.1
2026-09-28T22:24:08Z,50.8,56119.3,229.8,,,0.0,0.0,,,,,,0.0
2026-09-28T22:24:13Z,55.9,56119.3,88.5,,,0.0,0.0,,,,,,0.0
2026-09-28T22:24:18Z,61.0,56119.3,180.8,,,0.0,0.0,,,,,,0.1
2026-09-28T22:24:23Z,66.0,56119.3,4.3,,,0.0,0.0,,,,,,0.2
2026-09-28T22:24:28Z,71.1,56119.3,41.3,,,0.0,0.0,,,,,,0.2
2026-09-28T22:24:34Z,76.1,56119.3,10.7,,,0.0,0.0,,,,,,0.6
2026-09-28T22:24:39Z,81.2,56119.3,755.9,,,0.0,0.0,,,,,,0.1
2026-09-28T22:24:44Z,86.4,56119.3,421.0,,,0.0,0.0,,,,,,0.3
2026-09-28T22:24:49Z,91.5,56119.3,714.2,,,0.0,0.0,,,,,,0.1
2026-09-28T22:24:55Z,96.7,56119.3,659.3,,,0.0,0.0,,,,,,0.4
2026-09-28T22:24:59Z,101.8,56119.3,744.1,,,0.0,0.0,,,,,,0.2
2026-09-28T22:25:04Z,106.8,56119.3,360.4,,,0.0,0.0,,,,,,0.0
2026-09-28T22:25:10Z,111.9,56119.3,488.8,,,0.0,0.0,,,,,,0.3
2026-09-28T22:25:14Z,117.0,56119.3,564.4,,,0.0,0.0,,,,,,0.0
2026-09-28T22:25:19Z,122.1,56119.3,439.4,,,0.0,0.0,,,,,,0.2
2026-09-28T22:25:24Z,127.1,56119.3,413.2,,,0.0,0.0,,,,,,0.1
2026-09-28T22:25:29Z,132.2,56119.3,164.5,,,0.0,0.0,,,,,,0.0
2026-09-28T22:25:35Z,137.2,56119.3,366.8,,,0.0,0.0,,,,,,0.2
2026-09-28T22:25:40Z,142.2,56119.3,133.4,,,0.0,0.0,,,,,,0.1
2026-09-28T22:25:45Z,147.3,56119.3,132.3,,,0.0,0.0,,,,,,0.0
2026-09-28T22:25:50Z,152.3,56119.3,8.5,,,0.0,0.0,,,,,,0.1
2026-09-28T22:25:55Z,157.4,56119.3,61.9,,,0.0,0.0,,,,,,0.0
2026-09-28T22:26:00Z,162.4,56119.3,5.2,,,0.0,0.0,,,,,,0.1
2026-09-28T22:26:05Z,167.5,56119.3,697.0,,,0.0,0.0,,,,,,0.3
2026-09-28T22:26:10Z,172.5,56119.3,5.4,,,0.0,0.0,,,,,,0.3
2026-09-28T22:26:15Z,177.6,56119.3,747.5,,,0.0,0.0,,,,,,0.3
2026-09-28T22:26:20Z,182.7,56119.3,472.5,,,0.0,0.0,,,,,,0.2
2026-09-28T22:26:25Z,187.8,56119.3,479.8,,,0.0,0.0,,,,,,0.2
2026-09-28T22:26:30Z,192.9,56119.3,513.6,,,0.0,0.0,,,,,,0.1
2026-09-28T22:26:35Z,197.9,56119.3,542.0,,,0.0,0.0,,,,,,0.1
2026-09-28T22:26:40Z,203.0,56119.3,383.5,,,0.0,0.0,,,,,,0.1
2026-09-28T22:26:45Z,208.1,56119.3,294.1,,,0.0,0.0,,,,,,0.0
2026-09-28T22:26:50Z,213.2,56119.3,171.6,,,0.0,0.0,,,,,,0.4
2026-09-28T22:26:56Z,218.2,56119.3,178.5,,,0.0,0.0,,,,,,0.1
2026-09-28T22:27:01Z,223.2,56119.3,5.3,,,0.0,0.0,,,,,,0.2
2026-09-28T22:27:06Z,228.2,56119.3,3.7,,,0.0,0.0,,,,,,0.6
2026-09-28T22:27:11Z,233.4,56119.3,574.5,,,0.0,0.0,,,,,,0.4
2026-09-28T22:27:16Z,238.5,56119.3,731.5,,,0.0,0.0,,,,,,0.3
2026-09-28T22:27:21Z,243.6,56119.3,375.3,,,0.0,0.0,,,,,,0.0
2026-09-28T22:27:26Z,248.7,56119.3,185.0,,,0.0,0.0,,,,,,0.0
2026-09-28T22:27:31Z,253.8,56119.3,468.8,,,0.0,0.0,,,,,,0.2
2026-09-28T22:27:36Z,258.9,56119.3,453.1,,,0.0,0.0,,,,,,0.0
2026-09-28T22:27:41Z,264.0,56119.3,188.4,,,0.0,0.0,,,,,,0.0
2026-09-28T22:27:46Z,269.0,56119.3,3.7,,,0.0,0.0,,,,,,0.0
2026-09-28T22:27:51Z,274.1,56119.3,242.8,,,0.0,0.0,,,,,,0.1
2026-09-28T22:27:56Z,279.1,56119.3,71.8,,,0.0,0.0,,,,,,0.1
2026-09-28T22:28:02Z,284.2,56119.3,140.3,,,0.0,0.0,,,,,,0.1
2026-09-28T22:28:07Z,289.2,56119.3,4.9,,,0.0,0.0,,,,,,0.5
2026-09-28T22:28:12Z,294.6,56119.3,39.2,,,0.0,0.0,,,,,,0.6
2026-09-28T22:28:18Z,299.9,56119.3,473.5,,,0.0,0.0,,,,,,0.4
2026-09-28T22:28:22Z,304.9,56119.3,619.1,,,0.0,0.0,,,,,,0.1
2026-09-28T22:28:28Z,309.9,56119.3,694.0,,,0.0,0.0,,,,,,0.4
2026-09-28T22:28:33Z,315.0,56119.3,747.5,,,0.0,0.0,,,,,,0.3
2026-09-28T22:28:38Z,320.1,56119.3,381.6,,,0.0,0.0,,,,,,0.3
2026-09-28T22:28:43Z,325.3,56119.3,665.4,,,0.0,0.0,,,,,,0.2
2026-09-28T22:28:48Z,330.5,56119.3,634.2,,,0.0,0.0,,,,,,0.3
2026-09-28T22:28:53Z,335.7,56119.3,265.1,,,0.0,0.0,,,,,,0.3
2026-09-28T22:28:58Z,340.9,56119.3,380.7,,,0.0,0.0,,,,,,0.1
2026-09-28T22:29:04Z,346.0,56119.3,772.4,,,0.0,0.0,,,,,,0.5
2026-09-28T22:29:09Z,351.1,56119.3,697.1,,,0.0,0.0,,,,,,0.1
2026-09-28T22:29:14Z,356.2,56119.3,200.5,,,0.0,0.0,,,,,,0.2
2026-09-28T22:29:19Z,361.2,56119.3,612.8,,,0.0,0.0,,,,,,0.0
2026-09-28T22:29:24Z,366.3,56119.3,314.1,,,0.0,0.0,,,,,,0.0
2026-09-28T22:29:29Z,371.3,56119.3,496.9,,,0.0,0.0,,,,,,0.2
2026-09-28T22:29:34Z,376.4,56119.3,336.2,,,0.0,0.0,,,,,,0.0
2026-09-28T22:29:39Z,381.4,56119.3,573.1,,,0.0,0.0,,,,,,0.0
2026-09-28T22:29:44Z,386.5,56119.3,429.7,,,0.0,0.0,,,,,,0.1
2026-09-28T22:29:49Z,391.5,56119.3,506.2,,,0.0,0.0,,,,,,0.3
2026-09-28T22:29:54Z,396.5,56119.3,314.7,,,0.0,0.0,,,,,,0.0
2026-09-28T22:30:00Z,402.1,56119.3,367.9,,,0.0,0.0,,,,,,0.2
2026-09-28T22:30:04Z,407.1,56119.3,88.6,,,0.0,0.0,,,,,,0.0
2026-09-28T22:30:10Z,412.1,56119.3,300.1,,,0.0,0.0,,,,,,0.3
2026-09-28T22:30:15Z,417.3,56119.3,159.9,,,0.0,0.0,,,,,,0.1
2026-09-28T22:30:20Z,422.4,56119.3,108.1,,,0.0,0.0,,,,,,0.2
2026-09-28T22:30:25Z,427.5,56119.3,783.6,,,0.0,0.0,,,,,,0.1
2026-09-28T22:30:30Z,432.5,56119.3,82.0,,,0.0,0.0,,,,,,0.0
2026-09-28T22:30:35Z,437.5,56119.3,124.4,,,0.0,0.0,,,,,,0.0
2026-09-28T22:30:40Z,442.6,56119.3,163.3,,,0.0,0.0,,,,,,0.1
2026-09-28T22:30:45Z,447.7,56119.3,14.4,,,0.0,0.0,,,,,,0.1
2026-09-28T22:30:50Z,452.7,56119.3,57.2,,,0.0,0.0,,,,,,0.2
2026-09-28T22:30:56Z,457.8,56119.3,363.0,,,0.0,0.0,,,,,,0.3
2026-09-28T22:31:00Z,462.8,56119.3,656.0,,,0.0,0.0,,,,,,0.3
2026-09-28T22:31:05Z,468.0,56119.3,548.6,,,0.0,0.0,,,,,,0.4
2026-09-28T22:31:11Z,473.1,56119.3,585.0,,,0.0,0.0,,,,,,0.2
2026-09-28T22:31:16Z,478.2,56119.3,577.9,,,0.0,0.0,,,,,,0.2
2026-09-28T22:31:21Z,483.2,56119.3,684.9,,,0.0,0.0,,,,,,0.2
2026-09-28T22:31:26Z,488.3,56119.3,227.3,,,0.0,0.0,,,,,,0.2
2026-09-28T22:31:31Z,493.3,56119.3,296.5,,,0.0,0.0,,,,,,0.3
2026-09-28T22:31:36Z,498.5,56119.3,577.8,,,0.0,0.0,,,,,,0.2
2026-09-28T22:31:41Z,503.6,56119.3,486.0,,,0.0,0.0,,,,,,0.2
2026-09-28T22:31:46Z,508.7,56119.3,410.1,,,0.0,0.0,,,,,,0.1
2026-09-28T22:31:51Z,513.7,56119.3,353.4,,,0.0,0.0,,,,,,0.1
2026-09-28T22:31:56Z,518.8,56119.3,332.2,,,0.0,0.0,,,,,,0.1
2026-09-28T22:32:01Z,524.0,56119.3,339.8,,,0.0,0.0,,,,,,0.2
2026-09-28T22:32:06Z,529.0,56119.3,47.1,,,0.0,0.0,,,,,,0.1
2026-09-28T22:32:11Z,534.1,56119.3,131.1,,,0.0,0.0,,,,,,0.2
2026-09-28T22:32:16Z,539.2,56119.3,135.3,,,0.0,0.0,,,,,,0.2
2026-09-28T22:32:21Z,544.2,56119.3,58.6,,,0.0,0.0,,,,,,0.1
2026-09-28T22:32:26Z,549.2,56119.3,16.4,,,0.0,0.0,,,,,,0.2
2026-09-28T22:32:32Z,554.2,56119.3,74.0,,,0.0,0.0,,,,,,0.3
2026-09-28T22:32:37Z,559.5,56119.3,490.9,,,0.0,0.0,,,,,,0.3
2026-09-28T22:32:42Z,564.8,56119.3,679.2,,,0.0,0.0,,,,,,0.3
2026-09-28T22:32:47Z,569.9,56119.3,689.9,,,0.0,0.0,,,,,,0.1
2026-09-28T22:32:52Z,575.0,56119.3,74.3,,,0.0,0.0,,,,,,0.0
2026-09-28T22:32:57Z,580.1,56119.3,134.3,,,0.0,0.0,,,,,,0.2
2026-09-28T22:33:02Z,585.1,56119.3,237.5,,,0.0,0.0,,,,,,0.0
2026-09-28T22:33:07Z,590.2,56119.3,268.9,,,0.0,0.0,,,,,,0.0
2026-09-28T22:33:13Z,595.2,56119.3,82.5,,,0.0,0.0,,,,,,0.3
2026-09-28T22:33:17Z,600.2,56119.3,156.9,,,0.0,0.0,,,,,,0.0
2026-09-28T22:33:23Z,605.2,56119.3,18.5,,,0.0,0.0,,,,,,0.2
2026-09-28T22:33:28Z,610.2,56119.3,98.3,,,0.0,0.0,,,,,,0.3
2026-09-28T22:33:33Z,615.3,56119.3,639.3,,,0.0,0.0,,,,,,0.1
2026-09-28T22:33:38Z,620.4,56119.3,278.7,,,0.0,0.0,,,,,,0.1
2026-09-28T22:33:43Z,625.5,56119.3,677.2,,,0.0,0.0,,,,,,0.4
2026-09-28T22:33:48Z,630.5,56119.3,641.6,,,0.0,0.0,,,,,,0.2
2026-09-28T22:33:53Z,635.6,56119.3,477.6,,,0.0,0.0,,,,,,0.1
2026-09-28T22:33:58Z,640.8,56119.3,666.5,,,0.0,0.0,,,,,,0.0
2026-09-28T22:34:03Z,645.9,56119.3,614.4,,,0.0,0.0,,,,,,0.2
2026-09-28T22:34:08Z,650.9,56119.3,582.5,,,0.0,0.0,,,,,,0.2
2026-09-28T22:34:14Z,656.0,56119.3,393.5,,,0.0,0.0,,,,,,0.5
2026-09-28T22:34:19Z,661.1,56119.3,273.5,,,0.0,0.0,,,,,,0.0
2026-09-28T22:34:24Z,666.2,56119.3,261.9,,,0.0,0.0,,,,,,0.0
2026-09-28T22:34:29Z,671.4,56119.3,393.9,,,0.0,0.0,,,,,,0.3
2026-09-28T22:34:34Z,676.5,56119.3,539.5,,,0.0,0.0,,,,,,0.2
2026-09-28T22:34:39Z,681.6,56119.3,55.4,,,0.0,0.0,,,,,,0.0
2026-09-28T22:34:44Z,686.7,56119.3,173.0,,,0.0,0.0,,,,,,0.0
2026-09-28T22:34:49Z,691.7,56119.3,169.6,,,0.0,0.0,,,,,,0.2
2026-09-28T22:34:54Z,696.8,56119.3,50.6,,,0.0,0.0,,,,,,0.1
2026-09-28T22:34:59Z,701.8,56119.3,307.6,,,0.0,0.0,,,,,,0.2
2026-09-28T22:35:04Z,706.9,56119.3,207.9,,,0.0,0.0,,,,,,0.0
2026-09-28T22:35:09Z,711.9,56119.3,55.3,,,0.0,0.0,,,,,,0.2
2026-09-28T22:35:14Z,716.9,56119.3,39.7,,,0.0,0.0,,,,,,0.1
2026-09-28T22:35:19Z,722.0,56119.3,190.4,,,0.0,0.0,,,,,,0.1
2026-09-28T22:35:24Z,727.0,56119.3,38.5,,,0.0,0.0,,,,,,0.1
2026-09-28T22:35:30Z,732.0,56119.3,243.9,,,0.0,0.0,,,,,,0.6
2026-09-28T22:35:35Z,737.2,56119.3,730.0,,,0.0,0.0,,,,,,0.2
2026-09-28T22:35:40Z,742.2,56119.3,748.3,,,0.0,0.0,,,,,,0.0
2026-09-28T22:35:45Z,747.3,56119.3,514.1,,,0.0,0.0,,,,,,0.2
2026-09-28T22:35:50Z,752.4,56119.3,375.5,,,0.0,0.0,,,,,,0.0
2026-09-28T22:35:55Z,757.5,56119.3,245.2,,,0.0,0.0,,,,,,0.0
2026-09-28T22:36:00Z,762.5,56119.3,4.8,,,0.0,0.0,,,,,,0.0
2026-09-28T22:36:05Z,767.6,56119.3,268.8,,,0.0,0.0,,,,,,0.1
2026-09-28T22:36:10Z,772.6,56119.3,106.3,,,0.0,0.0,,,,,,0.1
2026-09-28T22:36:15Z,777.6,56119.3,114.0,,,0.0,0.0,,,,,,0.1
2026-09-28T22:36:20Z,782.7,56119.3,83.3,,,0.0,0.0,,,,,,0.1
2026-09-28T22:36:25Z,787.7,56119.3,54.4,,,0.0,0.0,,,,,,0.3
2026-09-28T22:36:30Z,792.8,56119.3,617.1,,,0.0,0.0,,,,,,0.2
2026-09-28T22:36:36Z,797.9,56119.3,738.3,,,0.0,0.0,,,,,,0.1
2026-09-28T22:36:41Z,803.0,56119.3,732.6,,,0.0,0.0,,,,,,0.3
2026-09-28T22:36:46Z,808.2,56119.3,382.8,,,0.0,0.0,,,,,,0.2
2026-09-28T22:36:51Z,813.2,56119.3,719.0,,,0.0,0.0,,,,,,0.1
2026-09-28T22:36:56Z,818.4,56119.3,664.7,,,0.0,0.0,,,,,,0.0
2026-09-28T22:37:01Z,823.5,56119.3,209.2,,,0.0,0.0,,,,,,0.3
2026-09-28T22:37:06Z,828.5,56119.3,617.3,,,0.0,0.0,,,,,,0.2
2026-09-28T22:37:11Z,833.6,56119.3,720.0,,,0.0,0.0,,,,,,0.2
2026-09-28T22:37:16Z,838.7,56119.3,753.4,,,0.0,0.0,,,,,,0.0
2026-09-28T22:37:21Z,843.7,56119.3,630.0,,,0.0,0.0,,,,,,0.2
2026-09-28T22:37:26Z,848.8,56119.3,326.6,,,0.0,0.0,,,,,,0.0
2026-09-28T22:37:31Z,853.9,56119.3,2.6,,,0.0,0.0,,,,,,0.1
2026-09-28T22:37:36Z,858.9,56119.3,326.8,,,0.0,0.0,,,,,,0.2
2026-09-28T22:37:41Z,863.9,56119.3,11.8,,,0.0,0.0,,,,,,0.3
2026-09-28T22:37:46Z,869.0,56119.3,175.4,,,0.0,0.0,,,,,,0.3
2026-09-28T22:37:51Z,874.0,56119.3,197.5,,,0.0,0.0,,,,,,0.1
2026-09-28T22:37:57Z,879.3,56119.3,19.4,,,0.0,0.0,,,,,,1.3
2026-09-28T22:38:02Z,884.4,56119.3,5.1,,,0.0,0.0,,,,,,0.9
2026-09-28T22:38:07Z,889.4,56119.3,47.9,,,0.0,0.0,,,,,,0.2
2026-09-28T22:38:12Z,894.5,56119.3,16.6,,,0.0,0.0,,,,,,0.3
2026-09-28T22:38:17Z,899.5,56119.3,676.5,,,0.0,0.0,,,,,,0.4
2026-09-28T22:38:22Z,904.7,56119.3,428.5,,,0.0,0.0,,,,,,0.0
2026-09-28T22:38:27Z,909.7,56119.3,449.3,,,0.0,0.0,,,,,,0.0
2026-09-28T22:38:32Z,914.8,56119.3,472.7,,,0.0,0.0,,,,,,0.1
2026-09-28T22:38:37Z,920.0,56119.3,530.0,,,0.0,0.0,,,,,,0.1
2026-09-28T22:38:42Z,925.0,56119.3,221.5,,,0.0,0.0,,,,,,0.0
2026-09-28T22:38:48Z,930.0,56119.3,357.7,,,0.0,0.0,,,,,,0.0
2026-09-28T22:38:55Z,935.5,56119.3,89.0,,,0.0,0.0,,,,,,0.9
2026-09-28T22:38:58Z,940.5,56119.3,294.5,,,0.0,0.0,,,,,,0.5
2026-09-28T22:39:03Z,945.8,56119.3,195.9,,,0.0,0.0,,,,,,0.8
2026-09-28T22:39:08Z,950.9,56119.3,88.3,,,0.0,0.0,,,,,,0.2
2026-09-28T22:39:14Z,956.0,56119.3,147.2,,,0.0,0.0,,,,,,0.2
2026-09-28T22:39:18Z,961.0,56119.3,143.9,,,0.0,0.0,,,,,,0.1
2026-09-28T22:39:24Z,966.1,56119.3,71.5,,,0.0,0.0,,,,,,0.2
2026-09-28T22:39:29Z,971.2,56119.3,332.0,,,0.0,0.0,,,,,,0.3
2026-09-28T22:39:34Z,976.3,56119.3,290.6,,,0.0,0.0,,,,,,0.0
2026-09-28T22:39:39Z,981.4,56119.3,534.7,,,0.0,0.0,,,,,,0.1
2026-09-28T22:39:44Z,986.5,56119.3,601.4,,,0.0,0.0,,,,,,0.2
2026-09-28T22:39:49Z,991.6,56119.3,309.6,,,0.0,0.0,,,,,,0.0
2026-09-28T22:39:54Z,996.6,56119.3,8.6,,,0.0,0.0,,,,,,0.0
2026-09-28T22:39:59Z,1001.7,56119.3,405.6,,,0.0,0.0,,,,,,0.0
2026-09-28T22:40:04Z,1006.8,56119.3,358.2,,,0.0,0.0,,,,,,0.1
2026-09-28T22:40:09Z,1011.8,56119.3,291.0,,,0.0,0.0,,,,,,0.2
2026-09-28T22:40:14Z,1016.8,56119.3,240.0,,,0.0,0.0,,,,,,0.3
2026-09-28T22:40:19Z,1021.9,56119.3,43.5,,,0.0,0.0,,,,,,0.1
2026-09-28T22:40:24Z,1026.9,56119.3,25.7,,,0.0,0.0,,,,,,0.7
2026-09-28T22:40:30Z,1032.0,56119.3,731.9,,,0.0,0.0,,,,,,0.3
2026-09-28T22:40:34Z,1037.1,56119.3,655.2,,,0.0,0.0,,,,,,0.0
2026-09-28T22:40:40Z,1042.2,56119.3,807.3,,,0.0,0.0,,,,,,0.4
2026-09-28T22:40:45Z,1047.3,56119.3,588.2,,,0.0,0.0,,,,,,0.2
2026-09-28T22:40:52Z,1052.4,56119.3,266.1,,,0.0,0.0,,,,,,2.0
2026-09-28T22:40:57Z,1057.6,56119.3,585.6,,,0.0,0.0,,,,,,0.1
2026-09-28T22:41:04Z,1063.5,56119.3,495.3,,,0.0,0.0,,,,,,0.1
2026-09-28T22:41:07Z,1069.1,56119.3,122.6,,,0.0,0.0,,,,,,0.0
2026-09-28T22:41:11Z,1074.2,56119.3,340.8,,,0.0,0.0,,,,,,0.0
2026-09-28T22:41:17Z,1079.2,56119.3,220.5,,,0.0,0.0,,,,,,0.0
2026-09-28T22:41:22Z,1084.4,56119.3,419.7,,,0.0,0.0,,,,,,0.2
2026-09-28T22:41:27Z,1089.4,56119.3,151.4,,,0.0,0.0,,,,,,0.0
2026-09-28T22:41:33Z,1094.7,56119.3,114.1,,,0.0,0.0,,,,,,0.8
2026-09-28T22:41:38Z,1100.7,56119.3,84.1,,,0.0,0.0,,,,,,1.2
2026-09-28T22:41:43Z,1105.7,56119.3,115.0,,,0.0,0.0,,,,,,0.0
2026-09-28T22:41:48Z,1110.8,56119.3,139.2,,,0.0,0.0,,,,,,0.2
2026-09-28T22:41:53Z,1115.8,56119.3,62.8,,,0.0,0.0,,,,,,0.0
2026-09-28T22:41:58Z,1120.9,56119.3,12.9,,,0.0,0.0,,,,,,0.1
2026-09-28T22:42:04Z,1126.1,56119.3,178.3,,,0.0,0.0,,,,,,0.3
2026-09-28T22:42:09Z,1131.1,56119.3,566.5,,,0.0,0.0,,,,,,0.0
2026-09-28T22:42:14Z,1136.2,56119.3,506.1,,,0.0,0.0,,,,,,0.2
2026-09-28T22:42:19Z,1141.3,56119.3,210.0,,,0.0,0.0,,,,,,0.0
2026-09-28T22:42:24Z,1146.4,56119.3,265.5,,,0.0,0.0,,,,,,0.0
2026-09-28T22:42:31Z,1152.2,56119.3,584.9,,,0.0,0.0,,,,,,0.5
2026-09-28T22:42:39Z,1157.7,56119.3,197.2,,,0.0,0.0,,,,,,0.1
2026-09-28T22:42:41Z,1163.1,56119.3,237.8,,,0.0,0.0,,,,,,0.7
2026-09-28T22:42:46Z,1168.1,56119.3,338.2,,,0.0,0.0,,,,,,0.2
2026-09-28T22:42:52Z,1173.3,56119.3,326.0,,,0.0,0.0,,,,,,0.9
2026-09-28T22:42:58Z,1178.5,56119.3,65.0,,,0.0,0.0,,,,,,1.5
2026-09-28T22:43:02Z,1183.9,56119.3,11.4,,,0.0,0.0,,,,,,0.6
2026-09-28T22:43:06Z,1189.0,56119.3,171.3,,,0.0,0.0,,,,,,0.2
2026-09-28T22:43:11Z,1194.1,56119.3,174.2,,,0.0,0.0,,,,,,0.1
2026-09-28T22:43:17Z,1199.3,56119.3,693.4,,,0.0,0.0,,,,,,0.3
2026-09-28T22:43:22Z,1204.4,56119.3,425.5,,,0.0,0.0,,,,,,0.3
2026-09-28T22:43:27Z,1209.5,56119.3,445.4,,,0.0,0.0,,,,,,0.1
2026-09-28T22:43:32Z,1214.6,56119.3,772.5,,,0.0,0.0,,,,,,0.3
2026-09-28T22:43:37Z,1219.7,56119.3,274.3,,,0.0,0.0,,,,,,0.1
2026-09-28T22:43:42Z,1224.7,56119.3,756.2,,,0.0,0.0,,,,,,0.2
2026-09-28T22:43:47Z,1229.7,56119.3,393.6,,,0.0,0.0,,,,,,0.2
2026-09-28T22:43:52Z,1234.8,56119.3,467.0,,,0.0,0.0,,,,,,0.1
2026-09-28T22:43:57Z,1239.9,56119.3,435.6,,,0.0,0.0,,,,,,0.2
2026-09-28T22:44:02Z,1245.0,56119.3,203.8,,,0.0,0.0,,,,,,0.0
2026-09-28T22:44:07Z,1250.1,56119.3,77.9,,,0.0,0.0,,,,,,0.1
2026-09-28T22:44:13Z,1255.2,56119.3,144.4,,,0.0,0.0,,,,,,0.1
2026-09-28T22:44:18Z,1260.4,56119.3,251.7,,,0.0,0.0,,,,,,0.8
2026-09-28T22:44:23Z,1265.4,56119.3,221.2,,,0.0,0.0,,,,,,0.0
2026-09-28T22:44:28Z,1270.5,56119.3,57.5,,,0.0,0.0,,,,,,0.1
2026-09-28T22:44:33Z,1275.6,56119.3,53.1,,,0.0,0.0,,,,,,0.1
2026-09-28T22:44:38Z,1280.7,56119.3,4.2,,,0.0,0.0,,,,,,0.2
2026-09-28T22:44:43Z,1285.7,56119.3,579.6,,,0.0,0.0,,,,,,0.2
2026-09-28T22:44:51Z,1291.2,56119.3,381.4,,,0.0,0.0,,,,,,0.0
2026-09-28T22:44:54Z,1296.4,56119.3,621.6,,,0.0,0.0,,,,,,2.2
2026-09-28T22:44:59Z,1301.5,56119.3,108.8,,,0.0,0.0,,,,,,0.5
2026-09-28T22:45:04Z,1306.5,56119.3,666.2,,,0.0,0.0,,,,,,0.1
2026-09-28T22:45:09Z,1311.6,56119.3,50.3,,,0.0,0.0,,,,,,0.0
2026-09-28T22:45:14Z,1316.7,56119.3,465.0,,,0.0,0.0,,,,,,0.0
2026-09-28T22:45:19Z,1321.9,56119.3,500.9,,,0.0,0.0,,,,,,0.1
2026-09-28T22:45:25Z,1327.0,56119.3,94.2,,,0.0,0.0,,,,,,0.7
2026-09-28T22:45:30Z,1332.1,56119.3,569.0,,,0.0,0.0,,,,,,0.3
2026-09-28T22:45:35Z,1337.2,56119.3,332.8,,,0.0,0.0,,,,,,0.0
2026-09-28T22:45:40Z,1342.2,56119.3,315.2,,,0.0,0.0,,,,,,0.0
2026-09-28T22:45:45Z,1347.3,56119.3,331.3,,,0.0,0.0,,,,,,0.0
2026-09-28T22:45:50Z,1352.4,56119.3,494.8,,,0.0,0.0,,,,,,0.2
2026-09-28T22:45:57Z,1358.3,56119.3,374.7,,,0.0,0.0,,,,,,0.7
2026-09-28T22:46:02Z,1363.6,56119.3,235.9,,,0.0,0.0,,,,,,0.8
2026-09-28T22:46:07Z,1368.7,56119.3,4.2,,,0.0,0.0,,,,,,0.7
2026-09-28T22:46:11Z,1373.8,56119.3,171.3,,,0.0,0.0,,,,,,0.1
2026-09-28T22:46:16Z,1378.8,56119.3,82.1,,,0.0,0.0,,,,,,0.0
2026-09-28T22:46:21Z,1383.9,56119.3,33.0,,,0.0,0.0,,,,,,0.2
2026-09-28T22:46:26Z,1388.9,56119.3,136.8,,,0.0,0.0,,,,,,0.0
2026-09-28T22:46:31Z,1393.9,56119.3,5484.5,,,0.0,0.0,,,,,,0.0
