SeLockMemoryPrivilege: ENABLED -- SeLockMemoryPrivilege enabled on this process's token
AWE chunk: requested 524288 pages, got 524288. held_mb=2048.0 avail_mb=45148.5
AWE chunk: requested 524288 pages, got 524288. held_mb=4096.0 avail_mb=43089.9
AWE chunk: requested 524288 pages, got 524288. held_mb=6144.0 avail_mb=41051.4
AWE chunk: requested 524288 pages, got 524288. held_mb=8192.0 avail_mb=38999.9
AWE chunk: requested 524288 pages, got 524288. held_mb=10240.0 avail_mb=36947.7
AWE chunk: requested 524288 pages, got 524288. held_mb=12288.0 avail_mb=34895.5
AWE chunk: requested 524288 pages, got 524288. held_mb=14336.0 avail_mb=32844.9
AWE chunk: requested 524288 pages, got 524288. held_mb=16384.0 avail_mb=30792.6
AWE chunk: requested 524288 pages, got 524288. held_mb=18432.0 avail_mb=28740.3
AWE chunk: requested 524288 pages, got 524288. held_mb=20480.0 avail_mb=26689.0
AWE chunk: requested 524288 pages, got 524288. held_mb=22528.0 avail_mb=24635.5
AWE chunk: requested 524288 pages, got 524288. held_mb=24576.0 avail_mb=22583.5
AWE chunk: requested 524288 pages, got 524288. held_mb=26624.0 avail_mb=20531.3
AWE chunk: requested 524288 pages, got 524288. held_mb=28672.0 avail_mb=18478.4
AWE chunk: requested 524288 pages, got 524288. held_mb=30720.0 avail_mb=16426.0
AWE chunk: requested 524288 pages, got 524288. held_mb=32768.0 avail_mb=14372.0
AWE chunk: requested 524288 pages, got 524288. held_mb=34816.0 avail_mb=12320.4
AWE chunk: requested 94514 pages, got 94514. held_mb=35185.2 avail_mb=10265.9
TARGET REACHED (or best effort). mechanism=AWE held_mb=35185.2 available_mb=9896.0 target_available_mb=9896.740600585938
2026-10-05T01:39:00Z,0.0,35185.2,9896.0,,,0.0,0.0,,,,,,0.0
2026-10-05T01:39:05Z,5.0,35185.2,9898.1,,,0.0,0.0,,,,,,0.0
2026-10-05T01:39:10Z,10.0,35185.2,9897.8,,,0.0,0.0,,,,,,0.0
2026-10-05T01:39:15Z,15.0,35185.2,9897.8,,,0.0,0.0,,,,,,0.0
2026-10-05T01:39:20Z,20.0,35185.2,9898.3,,,0.0,0.0,,,,,,0.0
2026-10-05T01:39:25Z,25.0,35185.2,7963.1,,,0.0,0.0,,,,,,0.0
2026-10-05T01:39:30Z,30.0,35185.2,7962.6,,,0.0,0.0,,,,,,0.0
2026-10-05T01:39:35Z,35.0,35185.2,7963.9,,,0.0,0.0,,,,,,0.0
2026-10-05T01:39:40Z,40.0,35185.2,7963.7,,,0.0,0.0,,,,,,0.0
2026-10-05T01:39:45Z,45.0,35185.2,7963.9,,,0.0,0.0,,,,,,0.0
2026-10-05T01:39:50Z,50.0,35185.2,7964.0,,,0.0,0.0,,,,,,0.0
2026-10-05T01:39:55Z,55.0,35185.2,7960.7,,,0.0,0.0,,,,,,0.0
2026-10-05T01:40:00Z,60.0,35185.2,7960.4,,,0.0,0.0,,,,,,0.0
2026-10-05T01:40:05Z,65.0,35185.2,7961.1,,,0.0,0.0,,,,,,0.0
2026-10-05T01:40:10Z,70.0,35185.2,7962.1,,,0.0,0.0,,,,,,0.0
2026-10-05T01:40:15Z,75.0,35185.2,7960.9,,,0.0,0.0,,,,,,0.0
2026-10-05T01:40:20Z,80.0,35185.2,7958.2,,,0.0,0.0,,,,,,0.0
2026-10-05T01:40:25Z,85.0,35185.2,7961.9,,,0.0,0.0,,,,,,0.0
2026-10-05T01:40:30Z,90.0,35185.2,9888.3,,,0.0,0.0,,,,,,0.0
2026-10-05T01:40:35Z,95.0,35185.2,9889.8,,,0.0,0.0,,,,,,0.0
2026-10-05T01:40:40Z,100.0,35185.2,9889.0,,,0.0,0.0,,,,,,0.0
2026-10-05T01:40:45Z,105.0,35185.2,9888.4,,,0.0,0.0,,,,,,0.0
2026-10-05T01:40:50Z,110.0,35185.2,9887.5,,,0.0,0.0,,,,,,0.0
2026-10-05T01:40:55Z,115.0,35185.2,9882.4,,,0.0,0.0,,,,,,0.0
2026-10-05T01:41:00Z,120.0,35185.2,9895.5,,,0.0,0.0,,,,,,0.0
2026-10-05T01:41:05Z,125.0,35185.2,9901.2,,,0.0,0.0,,,,,,0.0
2026-10-05T01:41:10Z,130.0,35185.2,9899.8,,,0.0,0.0,,,,,,0.0
2026-10-05T01:41:15Z,135.0,35185.2,9900.2,,,0.0,0.0,,,,,,0.0
2026-10-05T01:41:20Z,140.0,35185.2,9894.9,,,0.0,0.0,,,,,,0.0
2026-10-05T01:41:25Z,145.0,35185.2,9900.2,,,0.0,0.0,,,,,,0.0
2026-10-05T01:41:30Z,150.0,35185.2,9903.0,,,0.0,0.0,,,,,,0.0
2026-10-05T01:41:35Z,155.0,35185.2,9905.1,,,0.0,0.0,,,,,,0.0
2026-10-05T01:41:40Z,160.0,35185.2,9906.1,,,0.0,0.0,,,,,,0.0
2026-10-05T01:41:45Z,165.0,35185.2,8000.6,,,0.0,0.0,,,,,,0.0
2026-10-05T01:41:50Z,170.0,35185.2,7975.7,,,0.0,0.0,,,,,,0.0
2026-10-05T01:41:55Z,175.0,35185.2,7969.1,,,0.0,0.0,,,,,,0.0
2026-10-05T01:42:00Z,180.0,35185.2,7949.5,,,0.0,0.0,,,,,,0.0
2026-10-05T01:42:05Z,185.0,35185.2,7952.1,,,0.0,0.0,,,,,,0.0
2026-10-05T01:42:10Z,190.0,35185.2,7953.6,,,0.0,0.0,,,,,,0.0
2026-10-05T01:42:15Z,195.0,35185.2,7953.0,,,0.0,0.0,,,,,,0.0
2026-10-05T01:42:20Z,200.0,35185.2,7953.1,,,0.0,0.0,,,,,,0.0
2026-10-05T01:42:25Z,205.0,35185.2,7956.3,,,0.0,0.0,,,,,,0.0
2026-10-05T01:42:30Z,210.0,35185.2,7956.7,,,0.0,0.0,,,,,,0.0
2026-10-05T01:42:35Z,215.0,35185.2,7958.2,,,0.0,0.0,,,,,,0.0
2026-10-05T01:42:40Z,220.0,35185.2,7952.5,,,0.0,0.0,,,,,,0.0
2026-10-05T01:42:45Z,225.0,35185.2,7969.5,,,0.0,0.0,,,,,,0.0
2026-10-05T01:42:50Z,230.0,35185.2,9885.7,,,0.0,0.0,,,,,,0.0
2026-10-05T01:42:55Z,235.0,35185.2,9888.7,,,0.0,0.0,,,,,,0.0
2026-10-05T01:43:00Z,240.0,35185.2,9887.2,,,0.0,0.0,,,,,,0.0
2026-10-05T01:43:05Z,245.0,35185.2,9888.4,,,0.0,0.0,,,,,,0.0
2026-10-05T01:43:10Z,250.0,35185.2,9887.8,,,0.0,0.0,,,,,,0.0
2026-10-05T01:43:15Z,255.0,35185.2,9888.6,,,0.0,0.0,,,,,,0.0
2026-10-05T01:43:20Z,260.0,35185.2,9904.6,,,0.0,0.0,,,,,,0.0
2026-10-05T01:43:25Z,265.0,35185.2,9909.0,,,0.0,0.0,,,,,,0.0
2026-10-05T01:43:30Z,270.0,35185.2,9907.1,,,0.0,0.0,,,,,,0.0
2026-10-05T01:43:35Z,275.0,35185.2,9908.5,,,0.0,0.0,,,,,,0.0
2026-10-05T01:43:40Z,280.0,35185.2,9883.3,,,0.0,0.0,,,,,,0.0
2026-10-05T01:43:45Z,285.0,35185.2,9898.3,,,0.0,0.0,,,,,,0.0
2026-10-05T01:43:50Z,290.0,35185.2,9904.0,,,0.0,0.0,,,,,,0.0
2026-10-05T01:43:55Z,295.0,35185.2,9899.0,,,0.0,0.0,,,,,,0.0
2026-10-05T01:44:00Z,300.0,35185.2,9896.9,,,0.0,0.0,,,,,,0.0
2026-10-05T01:44:05Z,305.0,35185.2,9897.3,,,0.0,0.0,,,,,,0.0
2026-10-05T01:44:10Z,310.0,35185.2,7968.1,,,0.0,0.0,,,,,,0.0
2026-10-05T01:44:15Z,315.0,35185.2,7967.2,,,0.0,0.0,,,,,,0.0
2026-10-05T01:44:20Z,320.0,35185.2,7966.9,,,0.0,0.0,,,,,,0.0
2026-10-05T01:44:25Z,325.0,35185.2,7969.4,,,0.0,0.0,,,,,,0.0
2026-10-05T01:44:30Z,330.0,35185.2,7968.7,,,0.0,0.0,,,,,,0.0
2026-10-05T01:44:35Z,335.0,35185.2,7970.2,,,0.0,0.0,,,,,,0.0
2026-10-05T01:44:40Z,340.0,35185.2,7969.2,,,0.0,0.0,,,,,,0.0
2026-10-05T01:44:45Z,345.0,35185.2,7968.5,,,0.0,0.0,,,,,,0.0
2026-10-05T01:44:50Z,350.1,35185.2,7969.7,,,0.0,0.0,,,,,,0.0
2026-10-05T01:44:55Z,355.1,35185.2,7966.4,,,0.0,0.0,,,,,,0.0
2026-10-05T01:45:00Z,360.1,35185.2,7964.5,,,0.0,0.0,,,,,,0.0
2026-10-05T01:45:05Z,365.1,35185.2,7965.2,,,0.0,0.0,,,,,,0.0
2026-10-05T01:45:10Z,370.1,35185.2,7965.5,,,0.0,0.0,,,,,,0.0
2026-10-05T01:45:15Z,375.1,35185.2,9879.3,,,0.0,0.0,,,,,,0.0
2026-10-05T01:45:20Z,380.1,35185.2,9880.9,,,0.0,0.0,,,,,,0.0
2026-10-05T01:45:25Z,385.1,35185.2,9884.4,,,0.0,0.0,,,,,,0.0
2026-10-05T01:45:30Z,390.1,35185.2,9883.8,,,0.0,0.0,,,,,,0.0
2026-10-05T01:45:35Z,395.1,35185.2,9886.2,,,0.0,0.0,,,,,,0.0
2026-10-05T01:45:40Z,400.1,35185.2,9886.3,,,0.0,0.0,,,,,,0.0
2026-10-05T01:45:45Z,405.1,35185.2,9903.6,,,0.0,0.0,,,,,,0.0
2026-10-05T01:45:50Z,410.1,35185.2,9906.2,,,0.0,0.0,,,,,,0.0
2026-10-05T01:45:55Z,415.1,35185.2,9899.0,,,0.0,0.0,,,,,,0.0
2026-10-05T01:46:00Z,420.1,35185.2,9897.6,,,0.0,0.0,,,,,,0.0
2026-10-05T01:46:05Z,425.1,35185.2,9893.6,,,0.0,0.0,,,,,,0.0
