SeLockMemoryPrivilege: ENABLED -- SeLockMemoryPrivilege enabled on this process's token
AWE chunk: requested 524288 pages, got 524288. held_mb=2048.0 avail_mb=61043.0
AWE chunk: requested 524288 pages, got 524288. held_mb=4096.0 avail_mb=58959.7
AWE chunk: requested 524288 pages, got 524288. held_mb=6144.0 avail_mb=56886.1
AWE chunk: requested 524288 pages, got 524288. held_mb=8192.0 avail_mb=54837.8
AWE chunk: requested 524288 pages, got 524288. held_mb=10240.0 avail_mb=52849.6
AWE chunk: requested 524288 pages, got 524288. held_mb=12288.0 avail_mb=50803.3
AWE chunk: requested 524288 pages, got 524288. held_mb=14336.0 avail_mb=48751.4
AWE chunk: requested 524288 pages, got 524288. held_mb=16384.0 avail_mb=46699.8
AWE chunk: requested 524288 pages, got 524288. held_mb=18432.0 avail_mb=44647.6
AWE chunk: requested 524288 pages, got 524288. held_mb=20480.0 avail_mb=42595.7
AWE chunk: requested 524288 pages, got 524288. held_mb=22528.0 avail_mb=40543.6
AWE chunk: requested 524288 pages, got 524288. held_mb=24576.0 avail_mb=38494.0
AWE chunk: requested 524288 pages, got 524288. held_mb=26624.0 avail_mb=36441.4
AWE chunk: requested 524288 pages, got 524288. held_mb=28672.0 avail_mb=34389.1
AWE chunk: requested 524288 pages, got 524288. held_mb=30720.0 avail_mb=32336.9
AWE chunk: requested 524288 pages, got 524288. held_mb=32768.0 avail_mb=30287.4
AWE chunk: requested 524288 pages, got 524288. held_mb=34816.0 avail_mb=28235.1
AWE chunk: requested 524288 pages, got 524288. held_mb=36864.0 avail_mb=26183.4
AWE chunk: requested 248390 pages, got 248390. held_mb=37834.3 avail_mb=24129.2
TARGET REACHED (or best effort). mechanism=AWE held_mb=37834.3 available_mb=23154.9 target_available_mb=23158.97
2026-09-30T23:08:29Z,0.0,37834.3,23154.9,,,0.0,0.0,,,,,,0.0
2026-09-30T23:08:33Z,5.0,37834.3,3804.9,,,0.0,0.0,,,,,,0.0
2026-09-30T23:08:38Z,10.0,37834.3,3600.3,,,0.0,0.0,,,,,,0.0
2026-09-30T23:08:44Z,15.0,37834.3,5.8,,,0.0,0.0,,,,,,0.0
2026-09-30T23:08:49Z,20.0,37834.3,76.7,,,0.0,0.0,,,,,,0.0
2026-09-30T23:08:54Z,25.0,37834.3,254.8,,,0.0,0.0,,,,,,0.0
2026-09-30T23:08:59Z,30.0,37834.3,277.9,,,0.0,0.0,,,,,,0.0
2026-09-30T23:09:04Z,35.0,37834.3,316.0,,,0.0,0.0,,,,,,0.0
2026-09-30T23:09:09Z,40.0,37834.3,314.7,,,0.0,0.0,,,,,,0.0
2026-09-30T23:09:14Z,45.0,37834.3,312.6,,,0.0,0.0,,,,,,0.0
2026-09-30T23:09:19Z,50.0,37834.3,264.5,,,0.0,0.0,,,,,,0.0
2026-09-30T23:09:24Z,55.0,37834.3,223.5,,,0.0,0.0,,,,,,0.0
2026-09-30T23:09:29Z,60.0,37834.3,276.7,,,0.0,0.0,,,,,,0.0
2026-09-30T23:09:34Z,65.0,37834.3,183.9,,,0.0,0.0,,,,,,0.0
2026-09-30T23:09:39Z,70.0,37834.3,176.2,,,0.0,0.0,,,,,,0.0
2026-09-30T23:09:44Z,75.0,37834.3,157.9,,,0.0,0.0,,,,,,0.0
2026-09-30T23:09:49Z,80.0,37834.3,281.1,,,0.0,0.0,,,,,,0.0
2026-09-30T23:09:54Z,85.1,37834.3,234.7,,,0.0,0.0,,,,,,0.0
2026-09-30T23:09:59Z,90.1,37834.3,270.8,,,0.0,0.0,,,,,,0.0
2026-09-30T23:10:04Z,95.1,37834.3,189.7,,,0.0,0.0,,,,,,0.0
2026-09-30T23:10:09Z,100.1,37834.3,97.4,,,0.0,0.0,,,,,,0.0
2026-09-30T23:10:14Z,105.1,37834.3,177.1,,,0.0,0.0,,,,,,0.0
2026-09-30T23:10:19Z,110.1,37834.3,102.2,,,0.0,0.0,,,,,,0.0
2026-09-30T23:10:24Z,115.1,37834.3,318.2,,,0.0,0.0,,,,,,0.0
2026-09-30T23:10:29Z,120.1,37834.3,283.1,,,0.0,0.0,,,,,,0.0
2026-09-30T23:10:34Z,125.1,37834.3,308.7,,,0.0,0.0,,,,,,0.0
2026-09-30T23:10:39Z,130.1,37834.3,236.8,,,0.0,0.0,,,,,,0.0
2026-09-30T23:10:44Z,135.1,37834.3,224.2,,,0.0,0.0,,,,,,0.0
2026-09-30T23:10:49Z,140.1,37834.3,246.6,,,0.0,0.0,,,,,,0.0
2026-09-30T23:10:54Z,145.1,37834.3,197.4,,,0.0,0.0,,,,,,0.0
2026-09-30T23:10:59Z,150.1,37834.3,261.0,,,0.0,0.0,,,,,,0.0
2026-09-30T23:11:04Z,155.1,37834.3,253.3,,,0.0,0.0,,,,,,0.0
2026-09-30T23:11:09Z,160.1,37834.3,110.4,,,0.0,0.0,,,,,,0.0
2026-09-30T23:11:14Z,165.1,37834.3,167.4,,,0.0,0.0,,,,,,0.0
2026-09-30T23:11:19Z,170.1,37834.3,185.7,,,0.0,0.0,,,,,,0.0
2026-09-30T23:11:24Z,175.1,37834.3,134.3,,,0.0,0.0,,,,,,0.0
2026-09-30T23:11:29Z,180.1,37834.3,246.5,,,0.0,0.0,,,,,,0.0
2026-09-30T23:11:34Z,185.1,37834.3,145.2,,,0.0,0.0,,,,,,0.0
2026-09-30T23:11:39Z,190.1,37834.3,115.0,,,0.0,0.0,,,,,,0.0
2026-09-30T23:11:44Z,195.1,37834.3,265.4,,,0.0,0.0,,,,,,0.0
2026-09-30T23:11:49Z,200.1,37834.3,156.7,,,0.0,0.0,,,,,,0.0
2026-09-30T23:11:54Z,205.1,37834.3,131.7,,,0.0,0.0,,,,,,0.0
2026-09-30T23:11:59Z,210.1,37834.3,234.0,,,0.0,0.0,,,,,,0.0
2026-09-30T23:12:04Z,215.1,37834.3,180.8,,,0.0,0.0,,,,,,0.0
2026-09-30T23:12:09Z,220.1,37834.3,141.3,,,0.0,0.0,,,,,,0.0
2026-09-30T23:12:14Z,225.1,37834.3,254.3,,,0.0,0.0,,,,,,0.0
2026-09-30T23:12:19Z,230.1,37834.3,255.6,,,0.0,0.0,,,,,,0.0
2026-09-30T23:12:24Z,235.1,37834.3,136.1,,,0.0,0.0,,,,,,0.0
2026-09-30T23:12:29Z,240.1,37834.3,257.9,,,0.0,0.0,,,,,,0.0
2026-09-30T23:12:34Z,245.1,37834.3,197.9,,,0.0,0.0,,,,,,0.0
2026-09-30T23:12:39Z,250.1,37834.3,277.8,,,0.0,0.0,,,,,,0.0
2026-09-30T23:12:44Z,255.1,37834.3,221.0,,,0.0,0.0,,,,,,0.0
2026-09-30T23:12:49Z,260.1,37834.3,125.5,,,0.0,0.0,,,,,,0.0
2026-09-30T23:12:54Z,265.1,37834.3,143.7,,,0.0,0.0,,,,,,0.0
2026-09-30T23:12:59Z,270.1,37834.3,137.6,,,0.0,0.0,,,,,,0.0
2026-09-30T23:13:04Z,275.1,37834.3,177.2,,,0.0,0.0,,,,,,0.0
2026-09-30T23:13:09Z,280.2,37834.3,197.0,,,0.0,0.0,,,,,,0.0
2026-09-30T23:13:14Z,285.2,37834.3,162.0,,,0.0,0.0,,,,,,0.0
2026-09-30T23:13:19Z,290.2,37834.3,243.5,,,0.0,0.0,,,,,,0.0
2026-09-30T23:13:24Z,295.2,37834.3,130.3,,,0.0,0.0,,,,,,0.0
2026-09-30T23:13:29Z,300.2,37834.3,154.7,,,0.0,0.0,,,,,,0.0
2026-09-30T23:13:34Z,305.2,37834.3,125.5,,,0.0,0.0,,,,,,0.0
2026-09-30T23:13:39Z,310.2,37834.3,223.4,,,0.0,0.0,,,,,,0.0
2026-09-30T23:13:44Z,315.2,37834.3,149.8,,,0.0,0.0,,,,,,0.0
2026-09-30T23:13:49Z,320.2,37834.3,173.0,,,0.0,0.0,,,,,,0.0
2026-09-30T23:13:54Z,325.2,37834.3,157.0,,,0.0,0.0,,,,,,0.0
2026-09-30T23:13:59Z,330.2,37834.3,203.6,,,0.0,0.0,,,,,,0.0
2026-09-30T23:14:04Z,335.2,37834.3,270.8,,,0.0,0.0,,,,,,0.0
2026-09-30T23:14:09Z,340.2,37834.3,212.2,,,0.0,0.0,,,,,,0.0
2026-09-30T23:14:14Z,345.2,37834.3,109.6,,,0.0,0.0,,,,,,0.0
2026-09-30T23:14:19Z,350.2,37834.3,225.2,,,0.0,0.0,,,,,,0.0
2026-09-30T23:14:24Z,355.2,37834.3,133.4,,,0.0,0.0,,,,,,0.0
2026-09-30T23:14:29Z,360.2,37834.3,249.1,,,0.0,0.0,,,,,,0.0
2026-09-30T23:14:34Z,365.3,37834.3,136.3,,,0.0,0.0,,,,,,0.0
2026-09-30T23:14:39Z,370.4,37834.3,203.2,,,0.0,0.0,,,,,,0.0
2026-09-30T23:14:44Z,375.4,37834.3,164.7,,,0.0,0.0,,,,,,0.0
2026-09-30T23:14:49Z,380.4,37834.3,130.6,,,0.0,0.0,,,,,,0.0
2026-09-30T23:14:54Z,385.4,37834.3,254.8,,,0.0,0.0,,,,,,0.0
2026-09-30T23:14:59Z,390.4,37834.3,148.8,,,0.0,0.0,,,,,,0.0
2026-09-30T23:15:04Z,395.4,37834.3,105.9,,,0.0,0.0,,,,,,0.0
2026-09-30T23:15:09Z,400.4,37834.3,184.6,,,0.0,0.0,,,,,,0.0
2026-09-30T23:15:14Z,405.5,37834.3,234.0,,,0.0,0.0,,,,,,0.0
2026-09-30T23:15:19Z,410.5,37834.3,147.1,,,0.0,0.0,,,,,,0.0
2026-09-30T23:15:24Z,415.5,37834.3,207.5,,,0.0,0.0,,,,,,0.0
2026-09-30T23:15:29Z,420.5,37834.3,196.6,,,0.0,0.0,,,,,,0.0
2026-09-30T23:15:34Z,425.5,37834.3,184.6,,,0.0,0.0,,,,,,0.0
2026-09-30T23:15:39Z,430.5,37834.3,114.1,,,0.0,0.0,,,,,,0.0
2026-09-30T23:15:44Z,435.5,37834.3,214.0,,,0.0,0.0,,,,,,0.0
2026-09-30T23:15:49Z,440.5,37834.3,187.3,,,0.0,0.0,,,,,,0.0
2026-09-30T23:15:54Z,445.5,37834.3,133.6,,,0.0,0.0,,,,,,0.0
2026-09-30T23:15:59Z,450.5,37834.3,21.9,,,0.0,0.0,,,,,,0.0
2026-09-30T23:16:04Z,455.5,37834.3,207.5,,,0.0,0.0,,,,,,0.0
2026-09-30T23:16:09Z,460.5,37834.3,155.2,,,0.0,0.0,,,,,,0.0
2026-09-30T23:16:14Z,465.5,37834.3,212.6,,,0.0,0.0,,,,,,0.0
2026-09-30T23:16:19Z,470.5,37834.3,176.7,,,0.0,0.0,,,,,,0.0
2026-09-30T23:16:24Z,475.5,37834.3,182.8,,,0.0,0.0,,,,,,0.0
2026-09-30T23:16:29Z,480.5,37834.3,215.6,,,0.0,0.0,,,,,,0.0
2026-09-30T23:16:34Z,485.6,37834.3,221.7,,,0.0,0.0,,,,,,0.0
2026-09-30T23:16:39Z,490.6,37834.3,133.8,,,0.0,0.0,,,,,,0.0
2026-09-30T23:16:44Z,495.6,37834.3,279.5,,,0.0,0.0,,,,,,0.0
2026-09-30T23:16:49Z,500.6,37834.3,81.9,,,0.0,0.0,,,,,,0.0
2026-09-30T23:16:54Z,505.6,37834.3,83.4,,,0.0,0.0,,,,,,0.0
2026-09-30T23:16:59Z,510.6,37834.3,205.0,,,0.0,0.0,,,,,,0.0
2026-09-30T23:17:04Z,515.6,37834.3,86.7,,,0.0,0.0,,,,,,0.0
2026-09-30T23:17:09Z,520.6,37834.3,116.8,,,0.0,0.0,,,,,,0.0
2026-09-30T23:17:14Z,525.6,37834.3,181.8,,,0.0,0.0,,,,,,0.0
2026-09-30T23:17:19Z,530.6,37834.3,107.3,,,0.0,0.0,,,,,,0.0
2026-09-30T23:17:24Z,535.6,37834.3,223.1,,,0.0,0.0,,,,,,0.0
2026-09-30T23:17:29Z,540.6,37834.3,206.6,,,0.0,0.0,,,,,,0.0
2026-09-30T23:17:34Z,545.6,37834.3,122.7,,,0.0,0.0,,,,,,0.0
2026-09-30T23:17:39Z,550.8,37834.3,240.6,,,0.0,0.0,,,,,,0.0
2026-09-30T23:17:44Z,555.8,37834.3,110.8,,,0.0,0.0,,,,,,0.0
2026-09-30T23:17:50Z,561.0,37834.3,247.0,,,0.0,0.0,,,,,,0.0
2026-09-30T23:17:55Z,566.0,37834.3,134.1,,,0.0,0.0,,,,,,0.0
2026-09-30T23:18:00Z,571.0,37834.3,127.3,,,0.0,0.0,,,,,,0.0
2026-09-30T23:18:05Z,576.0,37834.3,218.0,,,0.0,0.0,,,,,,0.0
2026-09-30T23:18:10Z,581.0,37834.3,66.4,,,0.0,0.0,,,,,,0.0
2026-09-30T23:18:15Z,586.0,37834.3,169.7,,,0.0,0.0,,,,,,0.0
2026-09-30T23:18:20Z,591.0,37834.3,166.2,,,0.0,0.0,,,,,,0.0
2026-09-30T23:18:25Z,596.0,37834.3,118.9,,,0.0,0.0,,,,,,0.0
2026-09-30T23:18:30Z,601.0,37834.3,216.7,,,0.0,0.0,,,,,,0.0
2026-09-30T23:18:35Z,606.0,37834.3,178.1,,,0.0,0.0,,,,,,0.0
2026-09-30T23:18:40Z,611.0,37834.3,129.9,,,0.0,0.0,,,,,,0.0
2026-09-30T23:18:45Z,616.0,37834.3,107.0,,,0.0,0.0,,,,,,0.0
2026-09-30T23:18:50Z,621.0,37834.3,129.6,,,0.0,0.0,,,,,,0.0
2026-09-30T23:18:55Z,626.0,37834.3,14.2,,,0.0,0.0,,,,,,0.0
2026-09-30T23:19:00Z,631.0,37834.3,38.7,,,0.0,0.0,,,,,,0.0
2026-09-30T23:19:05Z,636.0,37834.3,14.2,,,0.0,0.0,,,,,,0.0
2026-09-30T23:19:10Z,641.0,37834.3,216.3,,,0.0,0.0,,,,,,0.0
2026-09-30T23:19:15Z,646.0,37834.3,165.0,,,0.0,0.0,,,,,,0.0
2026-09-30T23:19:20Z,651.1,37834.3,143.1,,,0.0,0.0,,,,,,0.0
2026-09-30T23:19:25Z,656.1,37834.3,105.7,,,0.0,0.0,,,,,,0.0
2026-09-30T23:19:30Z,661.3,37834.3,232.1,,,0.0,0.0,,,,,,0.0
2026-09-30T23:19:35Z,666.3,37834.3,329.0,,,0.0,0.0,,,,,,0.0
2026-09-30T23:19:40Z,671.3,37834.3,240.1,,,0.0,0.0,,,,,,0.0
2026-09-30T23:19:45Z,676.3,37834.3,263.6,,,0.0,0.0,,,,,,0.0
2026-09-30T23:19:50Z,681.3,37834.3,146.1,,,0.0,0.0,,,,,,0.0
2026-09-30T23:19:55Z,686.3,37834.3,312.9,,,0.0,0.0,,,,,,0.0
2026-09-30T23:20:00Z,691.3,37834.3,303.6,,,0.0,0.0,,,,,,0.0
2026-09-30T23:20:05Z,696.3,37834.3,203.2,,,0.0,0.0,,,,,,0.0
2026-09-30T23:20:10Z,701.3,37834.3,314.6,,,0.0,0.0,,,,,,0.0
2026-09-30T23:20:15Z,706.3,37834.3,144.0,,,0.0,0.0,,,,,,0.0
2026-09-30T23:20:20Z,711.3,37834.3,156.3,,,0.0,0.0,,,,,,0.0
2026-09-30T23:20:25Z,716.4,37834.3,263.5,,,0.0,0.0,,,,,,0.0
2026-09-30T23:20:30Z,721.4,37834.3,177.5,,,0.0,0.0,,,,,,0.0
2026-09-30T23:20:35Z,726.4,37834.3,287.5,,,0.0,0.0,,,,,,0.0
2026-09-30T23:20:40Z,731.4,37834.3,296.6,,,0.0,0.0,,,,,,0.0
2026-09-30T23:20:45Z,736.4,37834.3,282.3,,,0.0,0.0,,,,,,0.0
2026-09-30T23:20:50Z,741.6,37834.3,206.6,,,0.0,0.0,,,,,,0.0
2026-09-30T23:20:55Z,746.8,37834.3,231.9,,,0.0,0.0,,,,,,0.0
2026-09-30T23:21:01Z,751.9,37834.3,181.7,,,0.0,0.0,,,,,,0.0
2026-09-30T23:21:05Z,757.0,37834.3,150.2,,,0.0,0.0,,,,,,0.0
2026-09-30T23:21:10Z,762.0,37834.3,157.4,,,0.0,0.0,,,,,,0.0
2026-09-30T23:21:15Z,767.0,37834.3,117.1,,,0.0,0.0,,,,,,0.0
2026-09-30T23:21:20Z,772.0,37834.3,212.3,,,0.0,0.0,,,,,,0.0
2026-09-30T23:21:26Z,777.0,37834.3,262.9,,,0.0,0.0,,,,,,0.0
2026-09-30T23:21:31Z,782.0,37834.3,118.3,,,0.0,0.0,,,,,,0.0
2026-09-30T23:21:36Z,787.0,37834.3,183.4,,,0.0,0.0,,,,,,0.0
2026-09-30T23:21:41Z,792.0,37834.3,171.7,,,0.0,0.0,,,,,,0.0
2026-09-30T23:21:46Z,797.0,37834.3,112.2,,,0.0,0.0,,,,,,0.0
2026-09-30T23:21:51Z,802.5,37834.3,203.8,,,0.0,0.0,,,,,,0.0
2026-09-30T23:21:56Z,807.5,37834.3,115.4,,,0.0,0.0,,,,,,0.0
2026-09-30T23:22:01Z,812.5,37834.3,273.5,,,0.0,0.0,,,,,,0.0
2026-09-30T23:22:06Z,817.5,37834.3,162.5,,,0.0,0.0,,,,,,0.0
2026-09-30T23:22:11Z,822.5,37834.3,183.7,,,0.0,0.0,,,,,,0.0
2026-09-30T23:22:16Z,827.5,37834.3,265.7,,,0.0,0.0,,,,,,0.0
2026-09-30T23:22:21Z,832.5,37834.3,247.8,,,0.0,0.0,,,,,,0.0
2026-09-30T23:22:26Z,837.5,37834.3,269.8,,,0.0,0.0,,,,,,0.0
2026-09-30T23:22:31Z,842.5,37834.3,252.8,,,0.0,0.0,,,,,,0.0
2026-09-30T23:22:36Z,847.7,37834.3,248.2,,,0.0,0.0,,,,,,0.0
2026-09-30T23:22:41Z,852.7,37834.3,234.5,,,0.0,0.0,,,,,,0.0
2026-09-30T23:22:46Z,857.7,37834.3,245.7,,,0.0,0.0,,,,,,0.0
2026-09-30T23:22:51Z,862.7,37834.3,280.0,,,0.0,0.0,,,,,,0.0
2026-09-30T23:22:56Z,867.7,37834.3,204.9,,,0.0,0.0,,,,,,0.0
2026-09-30T23:23:01Z,872.7,37834.3,152.3,,,0.0,0.0,,,,,,0.0
2026-09-30T23:23:06Z,877.7,37834.3,98.8,,,0.0,0.0,,,,,,0.0
2026-09-30T23:23:11Z,882.7,37834.3,202.0,,,0.0,0.0,,,,,,0.0
2026-09-30T23:23:16Z,887.8,37834.3,152.4,,,0.0,0.0,,,,,,0.0
2026-09-30T23:23:21Z,892.8,37834.3,183.5,,,0.0,0.0,,,,,,0.0
2026-09-30T23:23:26Z,897.8,37834.3,100.0,,,0.0,0.0,,,,,,0.0
2026-09-30T23:23:31Z,902.8,37834.3,236.0,,,0.0,0.0,,,,,,0.0
2026-09-30T23:23:36Z,907.8,37834.3,168.2,,,0.0,0.0,,,,,,0.0
2026-09-30T23:23:41Z,912.8,37834.3,168.7,,,0.0,0.0,,,,,,0.0
2026-09-30T23:23:46Z,917.8,37834.3,240.3,,,0.0,0.0,,,,,,0.0
2026-09-30T23:23:51Z,922.8,37834.3,254.6,,,0.0,0.0,,,,,,0.0
2026-09-30T23:23:56Z,927.8,37834.3,144.6,,,0.0,0.0,,,,,,0.0
2026-09-30T23:24:02Z,932.9,37834.3,177.1,,,0.0,0.0,,,,,,0.0
2026-09-30T23:24:06Z,938.0,37834.3,163.8,,,0.0,0.0,,,,,,0.0
2026-09-30T23:24:11Z,943.0,37834.3,82.1,,,0.0,0.0,,,,,,0.0
2026-09-30T23:24:17Z,948.0,37834.3,125.5,,,0.0,0.0,,,,,,0.0
2026-09-30T23:24:22Z,953.0,37834.3,204.1,,,0.0,0.0,,,,,,0.0
2026-09-30T23:24:27Z,958.0,37834.3,123.9,,,0.0,0.0,,,,,,0.0
2026-09-30T23:24:32Z,963.0,37834.3,151.9,,,0.0,0.0,,,,,,0.0
2026-09-30T23:24:37Z,968.0,37834.3,190.8,,,0.0,0.0,,,,,,0.0
2026-09-30T23:24:42Z,973.0,37834.3,84.2,,,0.0,0.0,,,,,,0.0
2026-09-30T23:24:47Z,978.0,37834.3,192.4,,,0.0,0.0,,,,,,0.0
2026-09-30T23:24:52Z,983.0,37834.3,140.3,,,0.0,0.0,,,,,,0.0
2026-09-30T23:24:57Z,988.0,37834.3,154.6,,,0.0,0.0,,,,,,0.0
2026-09-30T23:25:02Z,993.0,37834.3,156.9,,,0.0,0.0,,,,,,0.0
2026-09-30T23:25:07Z,998.0,37834.3,102.3,,,0.0,0.0,,,,,,0.0
2026-09-30T23:25:12Z,1003.0,37834.3,135.0,,,0.0,0.0,,,,,,0.0
2026-09-30T23:25:17Z,1008.0,37834.3,153.4,,,0.0,0.0,,,,,,0.0
2026-09-30T23:25:22Z,1013.0,37834.3,217.9,,,0.0,0.0,,,,,,0.0
2026-09-30T23:25:27Z,1018.0,37834.3,142.1,,,0.0,0.0,,,,,,0.0
2026-09-30T23:25:32Z,1023.1,37834.3,235.5,,,0.0,0.0,,,,,,0.0
2026-09-30T23:25:37Z,1028.1,37834.3,215.1,,,0.0,0.0,,,,,,0.0
2026-09-30T23:25:42Z,1033.1,37834.3,260.7,,,0.0,0.0,,,,,,0.0
2026-09-30T23:25:47Z,1038.1,37834.3,217.8,,,0.0,0.0,,,,,,0.0
2026-09-30T23:25:52Z,1043.1,37834.3,86.0,,,0.0,0.0,,,,,,0.0
2026-09-30T23:25:57Z,1048.1,37834.3,215.0,,,0.0,0.0,,,,,,0.0
2026-09-30T23:26:02Z,1053.1,37834.3,17.5,,,0.0,0.0,,,,,,0.0
2026-09-30T23:26:07Z,1058.1,37834.3,240.3,,,0.0,0.0,,,,,,0.0
2026-09-30T23:26:12Z,1063.1,37834.3,155.7,,,0.0,0.0,,,,,,0.0
2026-09-30T23:26:17Z,1068.1,37834.3,201.1,,,0.0,0.0,,,,,,0.0
2026-09-30T23:26:22Z,1073.1,37834.3,244.8,,,0.0,0.0,,,,,,0.0
2026-09-30T23:26:27Z,1078.2,37834.3,156.7,,,0.0,0.0,,,,,,0.0
2026-09-30T23:26:32Z,1083.2,37834.3,226.0,,,0.0,0.0,,,,,,0.0
2026-09-30T23:26:37Z,1088.2,37834.3,210.7,,,0.0,0.0,,,,,,0.0
2026-09-30T23:26:42Z,1093.2,37834.3,222.0,,,0.0,0.0,,,,,,0.0
2026-09-30T23:26:47Z,1098.2,37834.3,214.4,,,0.0,0.0,,,,,,0.0
2026-09-30T23:26:52Z,1103.2,37834.3,128.8,,,0.0,0.0,,,,,,0.0
2026-09-30T23:26:57Z,1108.2,37834.3,87.3,,,0.0,0.0,,,,,,0.0
2026-09-30T23:27:02Z,1113.2,37834.3,178.4,,,0.0,0.0,,,,,,0.0
2026-09-30T23:27:07Z,1118.2,37834.3,51.4,,,0.0,0.0,,,,,,0.0
2026-09-30T23:27:12Z,1123.2,37834.3,249.5,,,0.0,0.0,,,,,,0.0
2026-09-30T23:27:17Z,1128.4,37834.3,160.3,,,0.0,0.0,,,,,,0.0
2026-09-30T23:27:22Z,1133.5,37834.3,15.7,,,0.0,0.0,,,,,,0.0
2026-09-30T23:27:27Z,1138.5,37834.3,97.2,,,0.0,0.0,,,,,,0.0
2026-09-30T23:27:32Z,1143.5,37834.3,92.7,,,0.0,0.0,,,,,,0.0
2026-09-30T23:27:37Z,1148.5,37834.3,155.2,,,0.0,0.0,,,,,,0.0
2026-09-30T23:27:42Z,1153.5,37834.3,187.4,,,0.0,0.0,,,,,,0.0
2026-09-30T23:27:47Z,1158.5,37834.3,156.9,,,0.0,0.0,,,,,,0.0
2026-09-30T23:27:52Z,1163.5,37834.3,72.2,,,0.0,0.0,,,,,,0.0
2026-09-30T23:27:57Z,1168.5,37834.3,135.2,,,0.0,0.0,,,,,,0.0
2026-09-30T23:28:02Z,1173.5,37834.3,215.0,,,0.0,0.0,,,,,,0.0
2026-09-30T23:28:07Z,1178.5,37834.3,179.8,,,0.0,0.0,,,,,,0.0
2026-09-30T23:28:12Z,1183.5,37834.3,200.9,,,0.0,0.0,,,,,,0.0
2026-09-30T23:28:17Z,1188.5,37834.3,12.7,,,0.0,0.0,,,,,,0.0
2026-09-30T23:28:22Z,1193.5,37834.3,98.0,,,0.0,0.0,,,,,,0.0
2026-09-30T23:28:27Z,1198.5,37834.3,93.4,,,0.0,0.0,,,,,,0.0
2026-09-30T23:28:32Z,1203.5,37834.3,134.8,,,0.0,0.0,,,,,,0.0
2026-09-30T23:28:37Z,1208.5,37834.3,151.3,,,0.0,0.0,,,,,,0.0
2026-09-30T23:28:42Z,1213.5,37834.3,188.2,,,0.0,0.0,,,,,,0.0
2026-09-30T23:28:47Z,1218.5,37834.3,146.3,,,0.0,0.0,,,,,,0.0
2026-09-30T23:28:52Z,1223.5,37834.3,142.4,,,0.0,0.0,,,,,,0.0
2026-09-30T23:28:57Z,1228.5,37834.3,177.3,,,0.0,0.0,,,,,,0.0
2026-09-30T23:29:02Z,1233.5,37834.3,114.6,,,0.0,0.0,,,,,,0.0
2026-09-30T23:29:07Z,1238.5,37834.3,277.8,,,0.0,0.0,,,,,,0.0
2026-09-30T23:29:12Z,1243.5,37834.3,53.4,,,0.0,0.0,,,,,,0.0
2026-09-30T23:29:17Z,1248.5,37834.3,201.4,,,0.0,0.0,,,,,,0.0
2026-09-30T23:29:22Z,1253.5,37834.3,95.2,,,0.0,0.0,,,,,,0.0
2026-09-30T23:29:27Z,1258.5,37834.3,45.9,,,0.0,0.0,,,,,,0.0
2026-09-30T23:29:32Z,1263.5,37834.3,139.1,,,0.0,0.0,,,,,,0.0
2026-09-30T23:29:37Z,1268.5,37834.3,69.7,,,0.0,0.0,,,,,,0.0
2026-09-30T23:29:42Z,1273.5,37834.3,23.5,,,0.0,0.0,,,,,,0.0
2026-09-30T23:29:47Z,1278.5,37834.3,75.6,,,0.0,0.0,,,,,,0.0
2026-09-30T23:29:52Z,1283.5,37834.3,131.4,,,0.0,0.0,,,,,,0.0
2026-09-30T23:29:57Z,1288.5,37834.3,59.8,,,0.0,0.0,,,,,,0.0
2026-09-30T23:30:02Z,1293.5,37834.3,203.5,,,0.0,0.0,,,,,,0.0
2026-09-30T23:30:07Z,1298.5,37834.3,17.0,,,0.0,0.0,,,,,,0.0
2026-09-30T23:30:13Z,1303.7,37834.3,272.3,,,0.0,0.0,,,,,,0.0
2026-09-30T23:30:17Z,1308.7,37834.3,209.7,,,0.0,0.0,,,,,,0.0
2026-09-30T23:30:22Z,1313.8,37834.3,149.3,,,0.0,0.0,,,,,,0.0
2026-09-30T23:30:27Z,1318.8,37834.3,172.6,,,0.0,0.0,,,,,,0.0
2026-09-30T23:30:32Z,1323.8,37834.3,164.3,,,0.0,0.0,,,,,,0.0
2026-09-30T23:30:37Z,1328.8,37834.3,189.1,,,0.0,0.0,,,,,,0.0
2026-09-30T23:30:42Z,1333.8,37834.3,233.8,,,0.0,0.0,,,,,,0.0
2026-09-30T23:30:47Z,1338.8,37834.3,196.3,,,0.0,0.0,,,,,,0.0
2026-09-30T23:30:52Z,1343.8,37834.3,186.2,,,0.0,0.0,,,,,,0.0
2026-09-30T23:30:57Z,1348.8,37834.3,182.2,,,0.0,0.0,,,,,,0.0
2026-09-30T23:31:02Z,1353.8,37834.3,111.7,,,0.0,0.0,,,,,,0.0
2026-09-30T23:31:07Z,1358.8,37834.3,158.5,,,0.0,0.0,,,,,,0.0
2026-09-30T23:31:12Z,1363.8,37834.3,199.7,,,0.0,0.0,,,,,,0.0
2026-09-30T23:31:17Z,1368.8,37834.3,29.8,,,0.0,0.0,,,,,,0.0
2026-09-30T23:31:22Z,1373.8,37834.3,231.6,,,0.0,0.0,,,,,,0.0
2026-09-30T23:31:27Z,1378.8,37834.3,215.7,,,0.0,0.0,,,,,,0.0
2026-09-30T23:31:32Z,1383.8,37834.3,218.0,,,0.0,0.0,,,,,,0.0
2026-09-30T23:31:38Z,1388.9,37834.3,208.7,,,0.0,0.0,,,,,,0.1
2026-09-30T23:31:42Z,1393.9,37834.3,282.8,,,0.0,0.0,,,,,,0.0
2026-09-30T23:31:47Z,1398.9,37834.3,308.2,,,0.0,0.0,,,,,,0.0
2026-09-30T23:31:53Z,1404.0,37834.3,242.7,,,0.0,0.0,,,,,,0.0
2026-09-30T23:31:58Z,1409.2,37834.3,201.7,,,0.0,0.0,,,,,,0.0
2026-09-30T23:32:03Z,1414.4,37834.3,218.7,,,0.0,0.0,,,,,,0.0
2026-09-30T23:32:08Z,1419.4,37834.3,284.0,,,0.0,0.0,,,,,,0.0
2026-09-30T23:32:13Z,1424.4,37834.3,208.1,,,0.0,0.0,,,,,,0.0
2026-09-30T23:32:18Z,1429.4,37834.3,154.0,,,0.0,0.0,,,,,,0.0
2026-09-30T23:32:23Z,1434.4,37834.3,154.8,,,0.0,0.0,,,,,,0.0
2026-09-30T23:32:28Z,1439.4,37834.3,158.3,,,0.0,0.0,,,,,,0.0
2026-09-30T23:32:33Z,1444.4,37834.3,113.0,,,0.0,0.0,,,,,,0.0
2026-09-30T23:32:38Z,1449.4,37834.3,174.2,,,0.0,0.0,,,,,,0.0
2026-09-30T23:32:43Z,1454.4,37834.3,75.0,,,0.0,0.0,,,,,,0.0
2026-09-30T23:32:48Z,1459.4,37834.3,141.1,,,0.0,0.0,,,,,,0.0
2026-09-30T23:32:53Z,1464.4,37834.3,192.8,,,0.0,0.0,,,,,,0.0
2026-09-30T23:32:58Z,1469.4,37834.3,197.1,,,0.0,0.0,,,,,,0.0
2026-09-30T23:33:03Z,1474.4,37834.3,189.3,,,0.0,0.0,,,,,,0.0
2026-09-30T23:33:08Z,1479.5,37834.3,68.8,,,0.0,0.0,,,,,,0.0
2026-09-30T23:33:13Z,1484.5,37834.3,91.5,,,0.0,0.0,,,,,,0.0
2026-09-30T23:33:18Z,1489.6,37834.3,178.7,,,0.0,0.0,,,,,,0.0
2026-09-30T23:33:23Z,1494.6,37834.3,119.6,,,0.0,0.0,,,,,,0.0
2026-09-30T23:33:28Z,1499.6,37834.3,92.2,,,0.0,0.0,,,,,,0.0
2026-09-30T23:33:33Z,1504.6,37834.3,224.8,,,0.0,0.0,,,,,,0.0
2026-09-30T23:33:38Z,1509.7,37834.3,164.0,,,0.0,0.0,,,,,,0.0
2026-09-30T23:33:43Z,1514.7,37834.3,180.4,,,0.0,0.0,,,,,,0.0
2026-09-30T23:33:48Z,1519.7,37834.3,170.1,,,0.0,0.0,,,,,,0.0
2026-09-30T23:33:53Z,1524.7,37834.3,123.4,,,0.0,0.0,,,,,,0.0
2026-09-30T23:33:58Z,1529.7,37834.3,133.4,,,0.0,0.0,,,,,,0.0
2026-09-30T23:34:03Z,1534.7,37834.3,176.9,,,0.0,0.0,,,,,,0.0
2026-09-30T23:34:08Z,1539.7,37834.3,175.6,,,0.0,0.0,,,,,,0.0
2026-09-30T23:34:13Z,1544.7,37834.3,138.8,,,0.0,0.0,,,,,,0.0
2026-09-30T23:34:18Z,1549.7,37834.3,211.3,,,0.0,0.0,,,,,,0.0
2026-09-30T23:34:23Z,1554.7,37834.3,161.1,,,0.0,0.0,,,,,,0.0
2026-09-30T23:34:28Z,1559.7,37834.3,71.3,,,0.0,0.0,,,,,,0.0
2026-09-30T23:34:33Z,1564.7,37834.3,127.1,,,0.0,0.0,,,,,,0.0
2026-09-30T23:34:38Z,1569.7,37834.3,221.0,,,0.0,0.0,,,,,,0.0
2026-09-30T23:34:43Z,1574.8,37834.3,30.6,,,0.0,0.0,,,,,,0.0
2026-09-30T23:34:48Z,1579.8,37834.3,160.2,,,0.0,0.0,,,,,,0.0
2026-09-30T23:34:53Z,1584.8,37834.3,137.5,,,0.0,0.0,,,,,,0.0
2026-09-30T23:34:58Z,1589.8,37834.3,223.6,,,0.0,0.0,,,,,,0.0
2026-09-30T23:35:03Z,1594.8,37834.3,162.3,,,0.0,0.0,,,,,,0.0
2026-09-30T23:35:08Z,1599.8,37834.3,175.1,,,0.0,0.0,,,,,,0.0
2026-09-30T23:35:13Z,1604.8,37834.3,15.4,,,0.0,0.0,,,,,,0.0
2026-09-30T23:35:18Z,1609.8,37834.3,164.0,,,0.0,0.0,,,,,,0.0
2026-09-30T23:35:23Z,1614.8,37834.3,111.4,,,0.0,0.0,,,,,,0.0
2026-09-30T23:35:28Z,1619.8,37834.3,209.0,,,0.0,0.0,,,,,,0.0
2026-09-30T23:35:33Z,1624.8,37834.3,73.8,,,0.0,0.0,,,,,,0.0
2026-09-30T23:35:38Z,1629.8,37834.3,49.5,,,0.0,0.0,,,,,,0.0
2026-09-30T23:35:43Z,1634.8,37834.3,102.7,,,0.0,0.0,,,,,,0.0
2026-09-30T23:35:48Z,1639.8,37834.3,109.8,,,0.0,0.0,,,,,,0.0
2026-09-30T23:35:53Z,1644.8,37834.3,166.4,,,0.0,0.0,,,,,,0.0
2026-09-30T23:35:58Z,1649.8,37834.3,135.2,,,0.0,0.0,,,,,,0.0
2026-09-30T23:36:03Z,1654.8,37834.3,186.4,,,0.0,0.0,,,,,,0.0
2026-09-30T23:36:08Z,1659.9,37834.3,61.4,,,0.0,0.0,,,,,,0.0
2026-09-30T23:36:13Z,1664.9,37834.3,227.1,,,0.0,0.0,,,,,,0.0
2026-09-30T23:36:18Z,1669.9,37834.3,87.3,,,0.0,0.0,,,,,,0.0
2026-09-30T23:36:23Z,1674.9,37834.3,200.0,,,0.0,0.0,,,,,,0.0
2026-09-30T23:36:28Z,1679.9,37834.3,35.2,,,0.0,0.0,,,,,,0.0
2026-09-30T23:36:33Z,1684.9,37834.3,85.8,,,0.0,0.0,,,,,,0.0
2026-09-30T23:36:38Z,1689.9,37834.3,178.4,,,0.0,0.0,,,,,,0.0
2026-09-30T23:36:43Z,1694.9,37834.3,57.7,,,0.0,0.0,,,,,,0.0
2026-09-30T23:36:48Z,1699.9,37834.3,170.3,,,0.0,0.0,,,,,,0.0
2026-09-30T23:36:53Z,1704.9,37834.3,62.1,,,0.0,0.0,,,,,,0.0
2026-09-30T23:36:58Z,1709.9,37834.3,88.9,,,0.0,0.0,,,,,,0.0
2026-09-30T23:37:03Z,1714.9,37834.3,126.1,,,0.0,0.0,,,,,,0.0
2026-09-30T23:37:08Z,1719.9,37834.3,193.8,,,0.0,0.0,,,,,,0.0
2026-09-30T23:37:13Z,1724.9,37834.3,96.0,,,0.0,0.0,,,,,,0.0
2026-09-30T23:37:18Z,1729.9,37834.3,171.8,,,0.0,0.0,,,,,,0.0
2026-09-30T23:37:23Z,1734.9,37834.3,119.0,,,0.0,0.0,,,,,,0.0
2026-09-30T23:37:28Z,1739.9,37834.3,169.2,,,0.0,0.0,,,,,,0.0
2026-09-30T23:37:33Z,1744.9,37834.3,144.3,,,0.0,0.0,,,,,,0.0
2026-09-30T23:37:38Z,1749.9,37834.3,94.0,,,0.0,0.0,,,,,,0.0
2026-09-30T23:37:43Z,1754.9,37834.3,163.2,,,0.0,0.0,,,,,,0.0
2026-09-30T23:37:49Z,1760.0,37834.3,171.7,,,0.0,0.0,,,,,,0.0
2026-09-30T23:37:54Z,1765.0,37834.3,143.0,,,0.0,0.0,,,,,,0.0
2026-09-30T23:37:59Z,1770.0,37834.3,124.1,,,0.0,0.0,,,,,,0.0
2026-09-30T23:38:04Z,1775.0,37834.3,10.2,,,0.0,0.0,,,,,,0.0
2026-09-30T23:38:09Z,1780.0,37834.3,114.8,,,0.0,0.0,,,,,,0.0
2026-09-30T23:38:14Z,1785.0,37834.3,77.9,,,0.0,0.0,,,,,,0.0
2026-09-30T23:38:19Z,1790.0,37834.3,103.2,,,0.0,0.0,,,,,,0.0
2026-09-30T23:38:24Z,1795.1,37834.3,162.9,,,0.0,0.0,,,,,,0.0
2026-09-30T23:38:29Z,1800.1,37834.3,130.2,,,0.0,0.0,,,,,,0.0
2026-09-30T23:38:34Z,1805.1,37834.3,155.9,,,0.0,0.0,,,,,,0.0
2026-09-30T23:38:39Z,1810.1,37834.3,155.6,,,0.0,0.0,,,,,,0.0
2026-09-30T23:38:44Z,1815.1,37834.3,13.9,,,0.0,0.0,,,,,,0.0
2026-09-30T23:38:49Z,1820.1,37834.3,146.9,,,0.0,0.0,,,,,,0.0
2026-09-30T23:38:54Z,1825.1,37834.3,217.5,,,0.0,0.0,,,,,,0.0
2026-09-30T23:38:59Z,1830.1,37834.3,118.3,,,0.0,0.0,,,,,,0.0
2026-09-30T23:39:04Z,1835.1,37834.3,256.6,,,0.0,0.0,,,,,,0.0
2026-09-30T23:39:09Z,1840.1,37834.3,152.9,,,0.0,0.0,,,,,,0.0
2026-09-30T23:39:14Z,1845.1,37834.3,184.0,,,0.0,0.0,,,,,,0.0
2026-09-30T23:39:19Z,1850.1,37834.3,212.1,,,0.0,0.0,,,,,,0.0
2026-09-30T23:39:24Z,1855.4,37834.3,151.7,,,0.0,0.0,,,,,,0.0
2026-09-30T23:39:29Z,1860.4,37834.3,190.2,,,0.0,0.0,,,,,,0.0
2026-09-30T23:39:34Z,1865.4,37834.3,271.8,,,0.0,0.0,,,,,,0.0
2026-09-30T23:39:39Z,1870.4,37834.3,168.2,,,0.0,0.0,,,,,,0.0
2026-09-30T23:39:44Z,1875.5,37834.3,253.4,,,0.0,0.0,,,,,,0.0
2026-09-30T23:39:49Z,1880.5,37834.3,161.9,,,0.0,0.0,,,,,,0.0
2026-09-30T23:39:54Z,1885.5,37834.3,187.1,,,0.0,0.0,,,,,,0.0
2026-09-30T23:39:59Z,1890.5,37834.3,173.9,,,0.0,0.0,,,,,,0.0
2026-09-30T23:40:04Z,1895.5,37834.3,120.1,,,0.0,0.0,,,,,,0.0
2026-09-30T23:40:09Z,1900.5,37834.3,177.5,,,0.0,0.0,,,,,,0.0
2026-09-30T23:40:14Z,1905.5,37834.3,273.1,,,0.0,0.0,,,,,,0.0
2026-09-30T23:40:19Z,1910.5,37834.3,280.7,,,0.0,0.0,,,,,,0.0
2026-09-30T23:40:24Z,1915.5,37834.3,156.5,,,0.0,0.0,,,,,,0.0
2026-09-30T23:40:29Z,1920.5,37834.3,247.2,,,0.0,0.0,,,,,,0.0
2026-09-30T23:40:34Z,1925.5,37834.3,234.3,,,0.0,0.0,,,,,,0.0
2026-09-30T23:40:39Z,1930.5,37834.3,298.8,,,0.0,0.0,,,,,,0.0
2026-09-30T23:40:44Z,1935.5,37834.3,172.1,,,0.0,0.0,,,,,,0.0
2026-09-30T23:40:49Z,1940.5,37834.3,201.8,,,0.0,0.0,,,,,,0.0
2026-09-30T23:40:54Z,1945.5,37834.3,226.7,,,0.0,0.0,,,,,,0.0
2026-09-30T23:40:59Z,1950.5,37834.3,220.6,,,0.0,0.0,,,,,,0.0
2026-09-30T23:41:04Z,1955.5,37834.3,169.6,,,0.0,0.0,,,,,,0.0
2026-09-30T23:41:09Z,1960.6,37834.3,165.2,,,0.0,0.0,,,,,,0.0
2026-09-30T23:41:14Z,1965.6,37834.3,304.2,,,0.0,0.0,,,,,,0.0
2026-09-30T23:41:19Z,1970.6,37834.3,151.3,,,0.0,0.0,,,,,,0.0
2026-09-30T23:41:24Z,1975.6,37834.3,222.4,,,0.0,0.0,,,,,,0.0
2026-09-30T23:41:29Z,1980.6,37834.3,170.9,,,0.0,0.0,,,,,,0.0
2026-09-30T23:41:34Z,1985.6,37834.3,262.6,,,0.0,0.0,,,,,,0.0
2026-09-30T23:41:39Z,1990.6,37834.3,212.3,,,0.0,0.0,,,,,,0.0
2026-09-30T23:41:44Z,1995.6,37834.3,21391.2,,,0.0,0.0,,,,,,0.0
