SeLockMemoryPrivilege: ENABLED -- SeLockMemoryPrivilege enabled on this process's token
AWE chunk: requested 524288 pages, got 524288. held_mb=2048.0 avail_mb=61358.9
AWE chunk: requested 524288 pages, got 524288. held_mb=4096.0 avail_mb=59303.1
AWE chunk: requested 524288 pages, got 524288. held_mb=6144.0 avail_mb=57250.5
AWE chunk: requested 524288 pages, got 524288. held_mb=8192.0 avail_mb=55187.2
AWE chunk: requested 524288 pages, got 524288. held_mb=10240.0 avail_mb=53089.1
AWE chunk: requested 524288 pages, got 524288. held_mb=12288.0 avail_mb=51013.5
AWE chunk: requested 524288 pages, got 524288. held_mb=14336.0 avail_mb=49011.7
AWE chunk: requested 524288 pages, got 524288. held_mb=16384.0 avail_mb=46973.7
AWE chunk: requested 524288 pages, got 524288. held_mb=18432.0 avail_mb=44925.0
AWE chunk: requested 524288 pages, got 524288. held_mb=20480.0 avail_mb=42874.5
AWE chunk: requested 524288 pages, got 524288. held_mb=22528.0 avail_mb=40825.5
AWE chunk: requested 524288 pages, got 524288. held_mb=24576.0 avail_mb=38773.6
AWE chunk: requested 524288 pages, got 524288. held_mb=26624.0 avail_mb=36721.1
AWE chunk: requested 524288 pages, got 524288. held_mb=28672.0 avail_mb=34669.4
AWE chunk: requested 524288 pages, got 524288. held_mb=30720.0 avail_mb=32617.5
AWE chunk: requested 524288 pages, got 524288. held_mb=32768.0 avail_mb=30560.8
AWE chunk: requested 524288 pages, got 524288. held_mb=34816.0 avail_mb=28516.3
AWE chunk: requested 524288 pages, got 524288. held_mb=36864.0 avail_mb=26459.1
AWE chunk: requested 524288 pages, got 524288. held_mb=38912.0 avail_mb=24411.4
AWE chunk: requested 524288 pages, got 524288. held_mb=40960.0 avail_mb=22358.4
AWE chunk: requested 524288 pages, got 524288. held_mb=43008.0 avail_mb=20305.5
AWE chunk: requested 524288 pages, got 524288. held_mb=45056.0 avail_mb=18253.6
AWE chunk: requested 524288 pages, got 524288. held_mb=47104.0 avail_mb=16201.3
AWE chunk: requested 524288 pages, got 524288. held_mb=49152.0 avail_mb=14150.7
AWE chunk: requested 205178 pages, got 205178. held_mb=49953.5 avail_mb=12098.5
TARGET REACHED (or best effort). mechanism=AWE held_mb=49953.5 available_mb=11293.9 target_available_mb=11297.07
2026-09-29T09:22:35Z,0.0,49953.5,11293.8,,,0.0,0.0,,,,,,0.0
2026-09-29T09:22:40Z,5.0,49953.5,5376.6,,,0.0,0.0,,,,,,0.0
2026-09-29T09:22:45Z,10.0,49953.5,2134.8,,,0.0,0.0,,,,,,0.0
2026-09-29T09:22:50Z,15.0,49953.5,395.3,,,0.0,0.0,,,,,,0.0
2026-09-29T09:22:55Z,20.0,49953.5,768.2,,,0.0,0.0,,,,,,0.0
2026-09-29T09:23:00Z,25.0,49953.5,284.7,,,0.0,0.0,,,,,,0.0
2026-09-29T09:23:05Z,30.0,49953.5,175.0,,,0.0,0.0,,,,,,0.0
2026-09-29T09:23:10Z,35.0,49953.5,322.8,,,0.0,0.0,,,,,,0.0
2026-09-29T09:23:15Z,40.0,49953.5,457.0,,,0.0,0.0,,,,,,0.0
2026-09-29T09:23:20Z,45.0,49953.5,379.1,,,0.0,0.0,,,,,,0.0
2026-09-29T09:23:25Z,50.0,49953.5,271.4,,,0.0,0.0,,,,,,0.0
2026-09-29T09:23:30Z,55.0,49953.5,581.7,,,0.0,0.0,,,,,,0.0
2026-09-29T09:23:35Z,60.0,49953.5,646.8,,,0.0,0.0,,,,,,0.0
2026-09-29T09:23:40Z,65.0,49953.5,466.7,,,0.0,0.0,,,,,,0.0
2026-09-29T09:23:45Z,70.0,49953.5,409.4,,,0.0,0.0,,,,,,0.0
2026-09-29T09:23:50Z,75.0,49953.5,409.9,,,0.0,0.0,,,,,,0.0
2026-09-29T09:23:55Z,80.0,49953.5,386.0,,,0.0,0.0,,,,,,0.0
2026-09-29T09:24:00Z,85.0,49953.5,363.2,,,0.0,0.0,,,,,,0.0
2026-09-29T09:24:05Z,90.0,49953.5,355.7,,,0.0,0.0,,,,,,0.0
2026-09-29T09:24:10Z,95.0,49953.5,333.6,,,0.0,0.0,,,,,,0.0
2026-09-29T09:24:15Z,100.0,49953.5,333.6,,,0.0,0.0,,,,,,0.0
2026-09-29T09:24:20Z,105.0,49953.5,331.9,,,0.0,0.0,,,,,,0.0
2026-09-29T09:24:25Z,110.0,49953.5,324.3,,,0.0,0.0,,,,,,0.0
2026-09-29T09:24:30Z,115.0,49953.5,319.6,,,0.0,0.0,,,,,,0.0
2026-09-29T09:24:35Z,120.0,49953.5,309.0,,,0.0,0.0,,,,,,0.0
2026-09-29T09:24:40Z,125.0,49953.5,301.8,,,0.0,0.0,,,,,,0.0
2026-09-29T09:24:45Z,130.0,49953.5,302.6,,,0.0,0.0,,,,,,0.0
2026-09-29T09:24:50Z,135.0,49953.5,303.4,,,0.0,0.0,,,,,,0.0
2026-09-29T09:24:55Z,140.0,49953.5,301.6,,,0.0,0.0,,,,,,0.0
2026-09-29T09:25:00Z,145.0,49953.5,298.1,,,0.0,0.0,,,,,,0.0
2026-09-29T09:25:05Z,150.0,49953.5,295.0,,,0.0,0.0,,,,,,0.0
2026-09-29T09:25:10Z,155.0,49953.5,288.1,,,0.0,0.0,,,,,,0.0
2026-09-29T09:25:15Z,160.0,49953.5,287.5,,,0.0,0.0,,,,,,0.0
2026-09-29T09:25:20Z,165.0,49953.5,287.7,,,0.0,0.0,,,,,,0.0
2026-09-29T09:25:25Z,170.0,49953.5,288.6,,,0.0,0.0,,,,,,0.0
2026-09-29T09:25:30Z,175.0,49953.5,290.3,,,0.0,0.0,,,,,,0.0
2026-09-29T09:25:35Z,180.0,49953.5,283.8,,,0.0,0.0,,,,,,0.0
2026-09-29T09:25:40Z,185.0,49953.5,278.9,,,0.0,0.0,,,,,,0.0
2026-09-29T09:25:45Z,190.0,49953.5,281.2,,,0.0,0.0,,,,,,0.0
2026-09-29T09:25:50Z,195.0,49953.5,279.7,,,0.0,0.0,,,,,,0.0
2026-09-29T09:25:55Z,200.0,49953.5,281.7,,,0.0,0.0,,,,,,0.0
2026-09-29T09:26:00Z,205.0,49953.5,280.6,,,0.0,0.0,,,,,,0.0
2026-09-29T09:26:05Z,210.0,49953.5,264.6,,,0.0,0.0,,,,,,0.0
2026-09-29T09:26:10Z,215.0,49953.5,264.5,,,0.0,0.0,,,,,,0.0
2026-09-29T09:26:15Z,220.0,49953.5,265.4,,,0.0,0.0,,,,,,0.0
2026-09-29T09:26:20Z,225.0,49953.5,265.3,,,0.0,0.0,,,,,,0.0
2026-09-29T09:26:25Z,230.0,49953.5,267.6,,,0.0,0.0,,,,,,0.0
2026-09-29T09:26:30Z,235.0,49953.5,266.4,,,0.0,0.0,,,,,,0.0
2026-09-29T09:26:35Z,240.0,49953.5,272.6,,,0.0,0.0,,,,,,0.0
2026-09-29T09:26:40Z,245.0,49953.5,268.5,,,0.0,0.0,,,,,,0.0
2026-09-29T09:26:45Z,250.0,49953.5,268.5,,,0.0,0.0,,,,,,0.0
2026-09-29T09:26:50Z,255.0,49953.5,260.8,,,0.0,0.0,,,,,,0.0
2026-09-29T09:26:55Z,260.0,49953.5,261.1,,,0.0,0.0,,,,,,0.0
2026-09-29T09:27:00Z,265.0,49953.5,248.5,,,0.0,0.0,,,,,,0.0
2026-09-29T09:27:05Z,270.0,49953.5,250.2,,,0.0,0.0,,,,,,0.0
2026-09-29T09:27:10Z,275.0,49953.5,249.2,,,0.0,0.0,,,,,,0.0
2026-09-29T09:27:15Z,280.0,49953.5,249.4,,,0.0,0.0,,,,,,0.0
2026-09-29T09:27:20Z,285.0,49953.5,248.4,,,0.0,0.0,,,,,,0.0
2026-09-29T09:27:25Z,290.0,49953.5,250.7,,,0.0,0.0,,,,,,0.0
2026-09-29T09:27:30Z,295.1,49953.5,249.1,,,0.0,0.0,,,,,,0.0
2026-09-29T09:27:35Z,300.1,49953.5,257.6,,,0.0,0.0,,,,,,0.0
2026-09-29T09:27:40Z,305.1,49953.5,253.8,,,0.0,0.0,,,,,,0.0
2026-09-29T09:27:45Z,310.1,49953.5,255.7,,,0.0,0.0,,,,,,0.0
2026-09-29T09:27:50Z,315.1,49953.5,254.8,,,0.0,0.0,,,,,,0.0
2026-09-29T09:27:55Z,320.1,49953.5,248.8,,,0.0,0.0,,,,,,0.0
2026-09-29T09:28:00Z,325.1,49953.5,249.5,,,0.0,0.0,,,,,,0.0
2026-09-29T09:28:05Z,330.1,49953.5,248.8,,,0.0,0.0,,,,,,0.0
2026-09-29T09:28:10Z,335.1,49953.5,249.7,,,0.0,0.0,,,,,,0.0
2026-09-29T09:28:15Z,340.1,49953.5,186.5,,,0.0,0.0,,,,,,0.0
2026-09-29T09:28:20Z,345.1,49953.5,192.6,,,0.0,0.0,,,,,,0.0
2026-09-29T09:28:25Z,350.1,49953.5,191.6,,,0.0,0.0,,,,,,0.0
2026-09-29T09:28:30Z,355.1,49953.5,191.4,,,0.0,0.0,,,,,,0.0
2026-09-29T09:28:35Z,360.1,49953.5,200.7,,,0.0,0.0,,,,,,0.0
2026-09-29T09:28:40Z,365.1,49953.5,193.6,,,0.0,0.0,,,,,,0.0
2026-09-29T09:28:45Z,370.1,49953.5,184.7,,,0.0,0.0,,,,,,0.0
2026-09-29T09:28:50Z,375.1,49953.5,183.7,,,0.0,0.0,,,,,,0.0
2026-09-29T09:28:55Z,380.1,49953.5,185.4,,,0.0,0.0,,,,,,0.0
2026-09-29T09:29:00Z,385.1,49953.5,185.2,,,0.0,0.0,,,,,,0.0
2026-09-29T09:29:05Z,390.1,49953.5,183.0,,,0.0,0.0,,,,,,0.0
2026-09-29T09:29:10Z,395.1,49953.5,176.4,,,0.0,0.0,,,,,,0.0
2026-09-29T09:29:15Z,400.1,49953.5,187.2,,,0.0,0.0,,,,,,0.0
2026-09-29T09:29:20Z,405.1,49953.5,184.2,,,0.0,0.0,,,,,,0.0
2026-09-29T09:29:25Z,410.1,49953.5,179.4,,,0.0,0.0,,,,,,0.0
2026-09-29T09:29:30Z,415.1,49953.5,179.9,,,0.0,0.0,,,,,,0.0
2026-09-29T09:29:35Z,420.1,49953.5,188.0,,,0.0,0.0,,,,,,0.0
2026-09-29T09:29:40Z,425.1,49953.5,193.9,,,0.0,0.0,,,,,,0.0
2026-09-29T09:29:45Z,430.1,49953.5,193.0,,,0.0,0.0,,,,,,0.0
2026-09-29T09:29:50Z,435.1,49953.5,191.0,,,0.0,0.0,,,,,,0.0
2026-09-29T09:29:55Z,440.1,49953.5,191.2,,,0.0,0.0,,,,,,0.0
2026-09-29T09:30:00Z,445.1,49953.5,191.7,,,0.0,0.0,,,,,,0.0
2026-09-29T09:30:05Z,450.1,49953.5,187.9,,,0.0,0.0,,,,,,0.0
2026-09-29T09:30:10Z,455.1,49953.5,188.5,,,0.0,0.0,,,,,,0.0
2026-09-29T09:30:15Z,460.1,49953.5,189.5,,,0.0,0.0,,,,,,0.0
2026-09-29T09:30:20Z,465.1,49953.5,187.7,,,0.0,0.0,,,,,,0.0
2026-09-29T09:30:25Z,470.1,49953.5,189.6,,,0.0,0.0,,,,,,0.0
2026-09-29T09:30:30Z,475.1,49953.5,187.3,,,0.0,0.0,,,,,,0.0
2026-09-29T09:30:35Z,480.1,49953.5,198.0,,,0.0,0.0,,,,,,0.0
2026-09-29T09:30:40Z,485.1,49953.5,193.6,,,0.0,0.0,,,,,,0.0
2026-09-29T09:30:45Z,490.1,49953.5,194.2,,,0.0,0.0,,,,,,0.0
2026-09-29T09:30:50Z,495.1,49953.5,194.6,,,0.0,0.0,,,,,,0.0
2026-09-29T09:30:55Z,500.1,49953.5,185.9,,,0.0,0.0,,,,,,0.0
2026-09-29T09:31:00Z,505.1,49953.5,186.1,,,0.0,0.0,,,,,,0.0
2026-09-29T09:31:05Z,510.1,49953.5,185.4,,,0.0,0.0,,,,,,0.0
2026-09-29T09:31:10Z,515.1,49953.5,184.8,,,0.0,0.0,,,,,,0.0
2026-09-29T09:31:15Z,520.1,49953.5,186.1,,,0.0,0.0,,,,,,0.0
2026-09-29T09:31:20Z,525.1,49953.5,184.2,,,0.0,0.0,,,,,,0.0
2026-09-29T09:31:25Z,530.1,49953.5,185.4,,,0.0,0.0,,,,,,0.0
2026-09-29T09:31:30Z,535.1,49953.5,186.1,,,0.0,0.0,,,,,,0.0
2026-09-29T09:31:35Z,540.1,49953.5,197.1,,,0.0,0.0,,,,,,0.0
2026-09-29T09:31:40Z,545.1,49953.5,191.4,,,0.0,0.0,,,,,,0.0
2026-09-29T09:31:45Z,550.1,49953.5,191.5,,,0.0,0.0,,,,,,0.0
2026-09-29T09:31:50Z,555.1,49953.5,187.3,,,0.0,0.0,,,,,,0.0
2026-09-29T09:31:55Z,560.1,49953.5,187.5,,,0.0,0.0,,,,,,0.0
2026-09-29T09:32:00Z,565.1,49953.5,188.5,,,0.0,0.0,,,,,,0.0
2026-09-29T09:32:05Z,570.1,49953.5,187.8,,,0.0,0.0,,,,,,0.0
2026-09-29T09:32:10Z,575.1,49953.5,187.2,,,0.0,0.0,,,,,,0.0
2026-09-29T09:32:15Z,580.1,49953.5,182.7,,,0.0,0.0,,,,,,0.0
2026-09-29T09:32:20Z,585.1,49953.5,195.6,,,0.0,0.0,,,,,,0.0
2026-09-29T09:32:25Z,590.1,49953.5,192.6,,,0.0,0.0,,,,,,0.0
2026-09-29T09:32:30Z,595.1,49953.5,193.4,,,0.0,0.0,,,,,,0.0
2026-09-29T09:32:35Z,600.1,49953.5,202.1,,,0.0,0.0,,,,,,0.0
2026-09-29T09:32:40Z,605.1,49953.5,195.9,,,0.0,0.0,,,,,,0.0
2026-09-29T09:32:45Z,610.1,49953.5,478.1,,,0.0,0.0,,,,,,0.0
2026-09-29T09:32:50Z,615.1,49953.5,354.0,,,0.0,0.0,,,,,,0.0
2026-09-29T09:32:55Z,620.1,49953.5,518.5,,,0.0,0.0,,,,,,0.0
2026-09-29T09:33:00Z,625.1,49953.5,601.6,,,0.0,0.0,,,,,,0.0
2026-09-29T09:33:05Z,630.1,49953.5,509.1,,,0.0,0.0,,,,,,0.0
2026-09-29T09:33:10Z,635.1,49953.5,446.7,,,0.0,0.0,,,,,,0.0
2026-09-29T09:33:15Z,640.1,49953.5,381.5,,,0.0,0.0,,,,,,0.0
2026-09-29T09:33:20Z,645.1,49953.5,378.7,,,0.0,0.0,,,,,,0.0
2026-09-29T09:33:25Z,650.1,49953.5,338.1,,,0.0,0.0,,,,,,0.0
2026-09-29T09:33:30Z,655.1,49953.5,332.5,,,0.0,0.0,,,,,,0.0
2026-09-29T09:33:35Z,660.1,49953.5,360.5,,,0.0,0.0,,,,,,0.0
2026-09-29T09:33:40Z,665.1,49953.5,337.5,,,0.0,0.0,,,,,,0.0
2026-09-29T09:33:45Z,670.1,49953.5,339.8,,,0.0,0.0,,,,,,0.0
2026-09-29T09:33:50Z,675.1,49953.5,332.4,,,0.0,0.0,,,,,,0.0
2026-09-29T09:33:55Z,680.1,49953.5,331.0,,,0.0,0.0,,,,,,0.0
2026-09-29T09:34:00Z,685.2,49953.5,325.5,,,0.0,0.0,,,,,,0.0
2026-09-29T09:34:05Z,690.2,49953.5,313.4,,,0.0,0.0,,,,,,0.0
2026-09-29T09:34:10Z,695.2,49953.5,366.1,,,0.0,0.0,,,,,,0.0
2026-09-29T09:34:15Z,700.2,49953.5,433.2,,,0.0,0.0,,,,,,0.0
2026-09-29T09:34:20Z,705.2,49953.5,322.4,,,0.0,0.0,,,,,,0.0
2026-09-29T09:34:25Z,710.2,49953.5,556.1,,,0.0,0.0,,,,,,0.0
2026-09-29T09:34:30Z,715.2,49953.5,588.0,,,0.0,0.0,,,,,,0.0
2026-09-29T09:34:35Z,720.2,49953.5,579.6,,,0.0,0.0,,,,,,0.0
2026-09-29T09:34:40Z,725.2,49953.5,534.3,,,0.0,0.0,,,,,,0.0
2026-09-29T09:34:45Z,730.2,49953.5,518.8,,,0.0,0.0,,,,,,0.0
2026-09-29T09:34:50Z,735.2,49953.5,507.7,,,0.0,0.0,,,,,,0.0
2026-09-29T09:34:55Z,740.2,49953.5,416.4,,,0.0,0.0,,,,,,0.0
2026-09-29T09:35:00Z,745.2,49953.5,426.5,,,0.0,0.0,,,,,,0.0
2026-09-29T09:35:05Z,750.2,49953.5,415.5,,,0.0,0.0,,,,,,0.0
2026-09-29T09:35:10Z,755.2,49953.5,402.6,,,0.0,0.0,,,,,,0.0
2026-09-29T09:35:15Z,760.2,49953.5,393.2,,,0.0,0.0,,,,,,0.0
2026-09-29T09:35:20Z,765.2,49953.5,394.0,,,0.0,0.0,,,,,,0.0
2026-09-29T09:35:25Z,770.2,49953.5,363.5,,,0.0,0.0,,,,,,0.0
2026-09-29T09:35:30Z,775.2,49953.5,363.4,,,0.0,0.0,,,,,,0.0
2026-09-29T09:35:35Z,780.2,49953.5,445.4,,,0.0,0.0,,,,,,0.0
2026-09-29T09:35:40Z,785.2,49953.5,444.1,,,0.0,0.0,,,,,,0.0
2026-09-29T09:35:45Z,790.2,49953.5,270.0,,,0.0,0.0,,,,,,0.0
2026-09-29T09:35:50Z,795.2,49953.5,597.1,,,0.0,0.0,,,,,,0.0
2026-09-29T09:35:55Z,800.2,49953.5,590.6,,,0.0,0.0,,,,,,0.0
2026-09-29T09:36:00Z,805.2,49953.5,575.8,,,0.0,0.0,,,,,,0.0
2026-09-29T09:36:05Z,810.2,49953.5,559.1,,,0.0,0.0,,,,,,0.0
2026-09-29T09:36:10Z,815.2,49953.5,523.6,,,0.0,0.0,,,,,,0.0
2026-09-29T09:36:15Z,820.2,49953.5,499.9,,,0.0,0.0,,,,,,0.0
2026-09-29T09:36:20Z,825.2,49953.5,435.9,,,0.0,0.0,,,,,,0.0
2026-09-29T09:36:25Z,830.2,49953.5,412.6,,,0.0,0.0,,,,,,0.0
2026-09-29T09:36:30Z,835.2,49953.5,409.1,,,0.0,0.0,,,,,,0.0
2026-09-29T09:36:35Z,840.2,49953.5,417.7,,,0.0,0.0,,,,,,0.0
2026-09-29T09:36:40Z,845.2,49953.5,403.5,,,0.0,0.0,,,,,,0.0
2026-09-29T09:36:45Z,850.2,49953.5,384.2,,,0.0,0.0,,,,,,0.0
2026-09-29T09:36:50Z,855.2,49953.5,384.4,,,0.0,0.0,,,,,,0.0
2026-09-29T09:36:55Z,860.2,49953.5,385.7,,,0.0,0.0,,,,,,0.0
2026-09-29T09:37:00Z,865.2,49953.5,536.7,,,0.0,0.0,,,,,,0.0
2026-09-29T09:37:05Z,870.2,49953.5,420.3,,,0.0,0.0,,,,,,0.0
2026-09-29T09:37:10Z,875.2,49953.5,293.9,,,0.0,0.0,,,,,,0.0
2026-09-29T09:37:15Z,880.2,49953.5,507.7,,,0.0,0.0,,,,,,0.0
2026-09-29T09:37:20Z,885.2,49953.5,643.2,,,0.0,0.0,,,,,,0.0
2026-09-29T09:37:25Z,890.2,49953.5,588.1,,,0.0,0.0,,,,,,0.0
2026-09-29T09:37:30Z,895.2,49953.5,559.9,,,0.0,0.0,,,,,,0.0
2026-09-29T09:37:35Z,900.2,49953.5,529.7,,,0.0,0.0,,,,,,0.0
2026-09-29T09:37:40Z,905.2,49953.5,437.5,,,0.0,0.0,,,,,,0.0
2026-09-29T09:37:45Z,910.2,49953.5,430.7,,,0.0,0.0,,,,,,0.0
2026-09-29T09:37:50Z,915.2,49953.5,428.8,,,0.0,0.0,,,,,,0.0
2026-09-29T09:37:55Z,920.2,49953.5,418.5,,,0.0,0.0,,,,,,0.0
2026-09-29T09:38:00Z,925.2,49953.5,414.2,,,0.0,0.0,,,,,,0.0
2026-09-29T09:38:05Z,930.2,49953.5,389.5,,,0.0,0.0,,,,,,0.0
2026-09-29T09:38:10Z,935.2,49953.5,392.2,,,0.0,0.0,,,,,,0.0
2026-09-29T09:38:15Z,940.2,49953.5,387.9,,,0.0,0.0,,,,,,0.0
2026-09-29T09:38:20Z,945.2,49953.5,384.9,,,0.0,0.0,,,,,,0.0
2026-09-29T09:38:25Z,950.2,49953.5,102.8,,,0.0,0.0,,,,,,0.0
2026-09-29T09:38:30Z,955.2,49953.5,585.6,,,0.0,0.0,,,,,,0.0
2026-09-29T09:38:35Z,960.2,49953.5,344.3,,,0.0,0.0,,,,,,0.0
2026-09-29T09:38:40Z,965.3,49953.5,600.0,,,0.0,0.0,,,,,,0.0
2026-09-29T09:38:45Z,970.3,49953.5,626.1,,,0.0,0.0,,,,,,0.0
2026-09-29T09:38:50Z,975.3,49953.5,606.0,,,0.0,0.0,,,,,,0.0
2026-09-29T09:38:55Z,980.3,49953.5,553.2,,,0.0,0.0,,,,,,0.0
2026-09-29T09:39:00Z,985.3,49953.5,447.8,,,0.0,0.0,,,,,,0.0
2026-09-29T09:39:05Z,990.3,49953.5,440.4,,,0.0,0.0,,,,,,0.0
2026-09-29T09:39:10Z,995.3,49953.5,415.6,,,0.0,0.0,,,,,,0.0
2026-09-29T09:39:15Z,1000.3,49953.5,414.6,,,0.0,0.0,,,,,,0.0
2026-09-29T09:39:20Z,1005.3,49953.5,402.1,,,0.0,0.0,,,,,,0.0
2026-09-29T09:39:25Z,1010.3,49953.5,360.3,,,0.0,0.0,,,,,,0.0
2026-09-29T09:39:30Z,1015.3,49953.5,350.8,,,0.0,0.0,,,,,,0.0
2026-09-29T09:39:35Z,1020.3,49953.5,5756.2,,,0.0,0.0,,,,,,0.0
