SeLockMemoryPrivilege: ENABLED -- SeLockMemoryPrivilege enabled on this process's token
AWE chunk: requested 524288 pages, got 524288. held_mb=2048.0 avail_mb=61479.7
AWE chunk: requested 524288 pages, got 524288. held_mb=4096.0 avail_mb=59418.9
AWE chunk: requested 524288 pages, got 524288. held_mb=6144.0 avail_mb=57378.8
AWE chunk: requested 524288 pages, got 524288. held_mb=8192.0 avail_mb=55326.6
AWE chunk: requested 524288 pages, got 524288. held_mb=10240.0 avail_mb=53274.5
AWE chunk: requested 524288 pages, got 524288. held_mb=12288.0 avail_mb=51222.6
AWE chunk: requested 524288 pages, got 524288. held_mb=14336.0 avail_mb=49170.2
AWE chunk: requested 524288 pages, got 524288. held_mb=16384.0 avail_mb=47118.3
AWE chunk: requested 524288 pages, got 524288. held_mb=18432.0 avail_mb=45066.0
AWE chunk: requested 524288 pages, got 524288. held_mb=20480.0 avail_mb=43013.7
AWE chunk: requested 524288 pages, got 524288. held_mb=22528.0 avail_mb=40961.9
AWE chunk: requested 524288 pages, got 524288. held_mb=24576.0 avail_mb=38909.6
AWE chunk: requested 524288 pages, got 524288. held_mb=26624.0 avail_mb=36857.4
AWE chunk: requested 524288 pages, got 524288. held_mb=28672.0 avail_mb=34804.1
AWE chunk: requested 524288 pages, got 524288. held_mb=30720.0 avail_mb=32756.3
AWE chunk: requested 524288 pages, got 524288. held_mb=32768.0 avail_mb=30703.5
AWE chunk: requested 524288 pages, got 524288. held_mb=34816.0 avail_mb=28646.6
AWE chunk: requested 524288 pages, got 524288. held_mb=36864.0 avail_mb=26597.2
AWE chunk: requested 354522 pages, got 354522. held_mb=38248.9 avail_mb=24543.8
TARGET REACHED (or best effort). mechanism=AWE held_mb=38248.9 available_mb=23155.3 target_available_mb=23158.97
2026-09-26T09:05:19Z,0.0,38248.9,23155.3,,,0.0,0.0,,,,,,0.0
2026-09-26T09:05:24Z,5.0,38248.9,23151.8,,,0.0,0.0,,,,,,0.0
2026-09-26T09:05:29Z,10.0,38248.9,23147.0,,,0.0,0.0,,,,,,0.0
2026-09-26T09:05:34Z,15.0,38248.9,23145.6,,,0.0,0.0,,,,,,0.0
2026-09-26T09:05:39Z,20.0,38248.9,23145.8,,,0.0,0.0,,,,,,0.0
2026-09-26T09:05:44Z,25.0,38248.9,3884.1,,,0.0,0.0,,,,,,0.0
2026-09-26T09:05:49Z,30.0,38248.9,3634.0,,,0.0,0.0,,,,,,0.0
2026-09-26T09:05:54Z,35.0,38248.9,1579.0,,,0.0,0.0,,,,,,0.0
2026-09-26T09:05:59Z,40.0,38248.9,105.0,,,0.0,0.0,,,,,,0.0
2026-09-26T09:06:04Z,45.0,38248.9,124.1,,,0.0,0.0,,,,,,0.0
2026-09-26T09:06:09Z,50.0,38248.9,172.2,,,0.0,0.0,,,,,,0.0
2026-09-26T09:06:14Z,55.0,38248.9,189.7,,,0.0,0.0,,,,,,0.0
2026-09-26T09:06:19Z,60.0,38248.9,181.8,,,0.0,0.0,,,,,,0.0
2026-09-26T09:06:24Z,65.0,38248.9,195.4,,,0.0,0.0,,,,,,0.0
2026-09-26T09:06:29Z,70.0,38248.9,144.3,,,0.0,0.0,,,,,,0.0
2026-09-26T09:06:34Z,75.0,38248.9,157.0,,,0.0,0.0,,,,,,0.0
2026-09-26T09:06:39Z,80.0,38248.9,142.9,,,0.0,0.0,,,,,,0.0
2026-09-26T09:06:44Z,85.0,38248.9,163.8,,,0.0,0.0,,,,,,0.0
2026-09-26T09:06:49Z,90.0,38248.9,136.1,,,0.0,0.0,,,,,,0.0
2026-09-26T09:06:54Z,95.0,38248.9,124.9,,,0.0,0.0,,,,,,0.0
2026-09-26T09:06:59Z,100.0,38248.9,142.7,,,0.0,0.0,,,,,,0.0
2026-09-26T09:07:04Z,105.0,38248.9,133.4,,,0.0,0.0,,,,,,0.0
2026-09-26T09:07:09Z,110.0,38248.9,135.2,,,0.0,0.0,,,,,,0.0
2026-09-26T09:07:14Z,115.0,38248.9,120.9,,,0.0,0.0,,,,,,0.0
2026-09-26T09:07:19Z,120.0,38248.9,87.1,,,0.0,0.0,,,,,,0.0
2026-09-26T09:07:24Z,125.0,38248.9,113.6,,,0.0,0.0,,,,,,0.0
2026-09-26T09:07:29Z,130.1,38248.9,131.3,,,0.0,0.0,,,,,,0.0
2026-09-26T09:07:34Z,135.1,38248.9,143.7,,,0.0,0.0,,,,,,0.0
2026-09-26T09:07:39Z,140.1,38248.9,105.4,,,0.0,0.0,,,,,,0.0
2026-09-26T09:07:44Z,145.1,38248.9,152.4,,,0.0,0.0,,,,,,0.0
2026-09-26T09:07:49Z,150.1,38248.9,68.3,,,0.0,0.0,,,,,,0.0
2026-09-26T09:07:54Z,155.1,38248.9,133.7,,,0.0,0.0,,,,,,0.0
2026-09-26T09:07:59Z,160.1,38248.9,152.1,,,0.0,0.0,,,,,,0.0
2026-09-26T09:08:04Z,165.1,38248.9,144.8,,,0.0,0.0,,,,,,0.0
2026-09-26T09:08:09Z,170.1,38248.9,136.3,,,0.0,0.0,,,,,,0.0
2026-09-26T09:08:14Z,175.1,38248.9,147.0,,,0.0,0.0,,,,,,0.0
2026-09-26T09:08:19Z,180.1,38248.9,120.8,,,0.0,0.0,,,,,,0.0
2026-09-26T09:08:24Z,185.1,38248.9,130.3,,,0.0,0.0,,,,,,0.0
2026-09-26T09:08:29Z,190.1,38248.9,133.7,,,0.0,0.0,,,,,,0.0
2026-09-26T09:08:34Z,195.1,38248.9,128.3,,,0.0,0.0,,,,,,0.0
2026-09-26T09:08:39Z,200.1,38248.9,125.2,,,0.0,0.0,,,,,,0.0
2026-09-26T09:08:44Z,205.1,38248.9,134.1,,,0.0,0.0,,,,,,0.0
2026-09-26T09:08:49Z,210.1,38248.9,138.3,,,0.0,0.0,,,,,,0.0
2026-09-26T09:08:54Z,215.1,38248.9,145.2,,,0.0,0.0,,,,,,0.0
2026-09-26T09:08:59Z,220.1,38248.9,146.5,,,0.0,0.0,,,,,,0.0
2026-09-26T09:09:04Z,225.1,38248.9,174.5,,,0.0,0.0,,,,,,0.0
2026-09-26T09:09:09Z,230.1,38248.9,170.0,,,0.0,0.0,,,,,,0.0
2026-09-26T09:09:14Z,235.1,38248.9,137.3,,,0.0,0.0,,,,,,0.0
2026-09-26T09:09:19Z,240.1,38248.9,148.8,,,0.0,0.0,,,,,,0.0
2026-09-26T09:09:24Z,245.1,38248.9,110.0,,,0.0,0.0,,,,,,0.0
2026-09-26T09:09:29Z,250.1,38248.9,141.8,,,0.0,0.0,,,,,,0.0
2026-09-26T09:09:34Z,255.1,38248.9,129.6,,,0.0,0.0,,,,,,0.0
2026-09-26T09:09:39Z,260.1,38248.9,125.3,,,0.0,0.0,,,,,,0.0
2026-09-26T09:09:44Z,265.1,38248.9,144.0,,,0.0,0.0,,,,,,0.0
2026-09-26T09:09:49Z,270.1,38248.9,123.8,,,0.0,0.0,,,,,,0.0
2026-09-26T09:09:54Z,275.1,38248.9,110.7,,,0.0,0.0,,,,,,0.0
2026-09-26T09:09:59Z,280.1,38248.9,121.4,,,0.0,0.0,,,,,,0.0
2026-09-26T09:10:04Z,285.1,38248.9,136.1,,,0.0,0.0,,,,,,0.0
2026-09-26T09:10:09Z,290.1,38248.9,166.7,,,0.0,0.0,,,,,,0.0
2026-09-26T09:10:14Z,295.1,38248.9,179.1,,,0.0,0.0,,,,,,0.0
2026-09-26T09:10:19Z,300.1,38248.9,129.3,,,0.0,0.0,,,,,,0.0
2026-09-26T09:10:24Z,305.2,38248.9,176.5,,,0.0,0.0,,,,,,0.0
2026-09-26T09:10:29Z,310.2,38248.9,139.8,,,0.0,0.0,,,,,,0.0
2026-09-26T09:10:34Z,315.2,38248.9,152.3,,,0.0,0.0,,,,,,0.0
2026-09-26T09:10:39Z,320.2,38248.9,115.4,,,0.0,0.0,,,,,,0.0
2026-09-26T09:10:44Z,325.2,38248.9,148.5,,,0.0,0.0,,,,,,0.0
2026-09-26T09:10:49Z,330.2,38248.9,141.6,,,0.0,0.0,,,,,,0.0
2026-09-26T09:10:54Z,335.2,38248.9,156.7,,,0.0,0.0,,,,,,0.0
2026-09-26T09:10:59Z,340.2,38248.9,147.8,,,0.0,0.0,,,,,,0.0
2026-09-26T09:11:04Z,345.2,38248.9,123.5,,,0.0,0.0,,,,,,0.0
2026-09-26T09:11:09Z,350.2,38248.9,129.0,,,0.0,0.0,,,,,,0.0
2026-09-26T09:11:14Z,355.2,38248.9,163.6,,,0.0,0.0,,,,,,0.0
2026-09-26T09:11:19Z,360.2,38248.9,133.8,,,0.0,0.0,,,,,,0.0
2026-09-26T09:11:24Z,365.2,38248.9,161.1,,,0.0,0.0,,,,,,0.0
2026-09-26T09:11:29Z,370.2,38248.9,153.9,,,0.0,0.0,,,,,,0.0
2026-09-26T09:11:34Z,375.2,38248.9,159.2,,,0.0,0.0,,,,,,0.0
2026-09-26T09:11:39Z,380.2,38248.9,165.1,,,0.0,0.0,,,,,,0.0
2026-09-26T09:11:44Z,385.2,38248.9,160.2,,,0.0,0.0,,,,,,0.0
2026-09-26T09:11:49Z,390.2,38248.9,158.7,,,0.0,0.0,,,,,,0.0
2026-09-26T09:11:54Z,395.2,38248.9,150.8,,,0.0,0.0,,,,,,0.0
2026-09-26T09:11:59Z,400.2,38248.9,142.4,,,0.0,0.0,,,,,,0.0
2026-09-26T09:12:04Z,405.2,38248.9,124.3,,,0.0,0.0,,,,,,0.0
2026-09-26T09:12:09Z,410.2,38248.9,136.3,,,0.0,0.0,,,,,,0.0
2026-09-26T09:12:14Z,415.2,38248.9,158.8,,,0.0,0.0,,,,,,0.0
2026-09-26T09:12:19Z,420.2,38248.9,153.2,,,0.0,0.0,,,,,,0.0
2026-09-26T09:12:24Z,425.2,38248.9,163.3,,,0.0,0.0,,,,,,0.0
2026-09-26T09:12:29Z,430.2,38248.9,29.7,,,0.0,0.0,,,,,,0.0
2026-09-26T09:12:34Z,435.2,38248.9,140.1,,,0.0,0.0,,,,,,0.0
2026-09-26T09:12:39Z,440.2,38248.9,148.1,,,0.0,0.0,,,,,,0.0
2026-09-26T09:12:44Z,445.2,38248.9,159.3,,,0.0,0.0,,,,,,0.0
2026-09-26T09:12:49Z,450.2,38248.9,149.6,,,0.0,0.0,,,,,,0.0
2026-09-26T09:12:54Z,455.2,38248.9,147.5,,,0.0,0.0,,,,,,0.0
2026-09-26T09:12:59Z,460.2,38248.9,153.4,,,0.0,0.0,,,,,,0.0
2026-09-26T09:13:04Z,465.2,38248.9,162.2,,,0.0,0.0,,,,,,0.0
2026-09-26T09:13:09Z,470.2,38248.9,155.4,,,0.0,0.0,,,,,,0.0
2026-09-26T09:13:14Z,475.2,38248.9,185.6,,,0.0,0.0,,,,,,0.0
2026-09-26T09:13:19Z,480.2,38248.9,160.2,,,0.0,0.0,,,,,,0.0
2026-09-26T09:13:24Z,485.2,38248.9,190.0,,,0.0,0.0,,,,,,0.0
2026-09-26T09:13:29Z,490.2,38248.9,191.2,,,0.0,0.0,,,,,,0.0
2026-09-26T09:13:34Z,495.2,38248.9,142.1,,,0.0,0.0,,,,,,0.0
2026-09-26T09:13:39Z,500.2,38248.9,177.2,,,0.0,0.0,,,,,,0.0
2026-09-26T09:13:44Z,505.2,38248.9,153.3,,,0.0,0.0,,,,,,0.0
2026-09-26T09:13:49Z,510.2,38248.9,165.4,,,0.0,0.0,,,,,,0.0
2026-09-26T09:13:54Z,515.2,38248.9,149.4,,,0.0,0.0,,,,,,0.0
2026-09-26T09:13:59Z,520.2,38248.9,144.1,,,0.0,0.0,,,,,,0.0
2026-09-26T09:14:04Z,525.2,38248.9,131.5,,,0.0,0.0,,,,,,0.0
2026-09-26T09:14:09Z,530.2,38248.9,143.8,,,0.0,0.0,,,,,,0.0
2026-09-26T09:14:14Z,535.3,38248.9,143.8,,,0.0,0.0,,,,,,0.0
2026-09-26T09:14:19Z,540.3,38248.9,158.5,,,0.0,0.0,,,,,,0.0
2026-09-26T09:14:24Z,545.3,38248.9,152.2,,,0.0,0.0,,,,,,0.0
2026-09-26T09:14:29Z,550.3,38248.9,97.4,,,0.0,0.0,,,,,,0.0
2026-09-26T09:14:34Z,555.3,38248.9,170.9,,,0.0,0.0,,,,,,0.0
2026-09-26T09:14:39Z,560.3,38248.9,159.7,,,0.0,0.0,,,,,,0.0
2026-09-26T09:14:44Z,565.3,38248.9,174.1,,,0.0,0.0,,,,,,0.0
2026-09-26T09:14:49Z,570.3,38248.9,109.1,,,0.0,0.0,,,,,,0.0
2026-09-26T09:14:54Z,575.3,38248.9,131.5,,,0.0,0.0,,,,,,0.0
2026-09-26T09:14:59Z,580.3,38248.9,148.7,,,0.0,0.0,,,,,,0.0
2026-09-26T09:15:04Z,585.3,38248.9,132.4,,,0.0,0.0,,,,,,0.0
2026-09-26T09:15:09Z,590.3,38248.9,136.6,,,0.0,0.0,,,,,,0.0
2026-09-26T09:15:14Z,595.3,38248.9,151.2,,,0.0,0.0,,,,,,0.0
2026-09-26T09:15:19Z,600.3,38248.9,162.1,,,0.0,0.0,,,,,,0.0
2026-09-26T09:15:24Z,605.3,38248.9,171.3,,,0.0,0.0,,,,,,0.0
2026-09-26T09:15:29Z,610.3,38248.9,167.5,,,0.0,0.0,,,,,,0.0
2026-09-26T09:15:34Z,615.3,38248.9,177.6,,,0.0,0.0,,,,,,0.0
2026-09-26T09:15:39Z,620.3,38248.9,180.1,,,0.0,0.0,,,,,,0.0
2026-09-26T09:15:44Z,625.3,38248.9,170.7,,,0.0,0.0,,,,,,0.0
2026-09-26T09:15:49Z,630.3,38248.9,175.3,,,0.0,0.0,,,,,,0.0
2026-09-26T09:15:54Z,635.3,38248.9,144.2,,,0.0,0.0,,,,,,0.0
2026-09-26T09:15:59Z,640.3,38248.9,147.7,,,0.0,0.0,,,,,,0.0
2026-09-26T09:16:04Z,645.3,38248.9,160.6,,,0.0,0.0,,,,,,0.0
2026-09-26T09:16:09Z,650.3,38248.9,163.9,,,0.0,0.0,,,,,,0.0
2026-09-26T09:16:14Z,655.3,38248.9,159.4,,,0.0,0.0,,,,,,0.0
2026-09-26T09:16:19Z,660.3,38248.9,153.5,,,0.0,0.0,,,,,,0.0
2026-09-26T09:16:24Z,665.3,38248.9,159.5,,,0.0,0.0,,,,,,0.0
2026-09-26T09:16:29Z,670.3,38248.9,157.8,,,0.0,0.0,,,,,,0.0
2026-09-26T09:16:34Z,675.4,38248.9,172.8,,,0.0,0.0,,,,,,0.0
2026-09-26T09:16:39Z,680.4,38248.9,189.3,,,0.0,0.0,,,,,,0.0
2026-09-26T09:16:44Z,685.4,38248.9,189.7,,,0.0,0.0,,,,,,0.0
2026-09-26T09:16:49Z,690.4,38248.9,190.6,,,0.0,0.0,,,,,,0.0
2026-09-26T09:16:54Z,695.4,38248.9,190.9,,,0.0,0.0,,,,,,0.0
2026-09-26T09:16:59Z,700.4,38248.9,187.9,,,0.0,0.0,,,,,,0.0
2026-09-26T09:17:04Z,705.4,38248.9,148.4,,,0.0,0.0,,,,,,0.0
2026-09-26T09:17:10Z,710.4,38248.9,138.8,,,0.0,0.0,,,,,,0.0
2026-09-26T09:17:15Z,715.4,38248.9,187.0,,,0.0,0.0,,,,,,0.0
2026-09-26T09:17:20Z,720.4,38248.9,187.9,,,0.0,0.0,,,,,,0.0
2026-09-26T09:17:25Z,725.4,38248.9,179.5,,,0.0,0.0,,,,,,0.0
2026-09-26T09:17:30Z,730.4,38248.9,187.1,,,0.0,0.0,,,,,,0.0
2026-09-26T09:17:35Z,735.4,38248.9,185.5,,,0.0,0.0,,,,,,0.0
2026-09-26T09:17:40Z,740.4,38248.9,166.5,,,0.0,0.0,,,,,,0.0
2026-09-26T09:17:45Z,745.4,38248.9,170.3,,,0.0,0.0,,,,,,0.0
2026-09-26T09:17:50Z,750.4,38248.9,179.1,,,0.0,0.0,,,,,,0.0
2026-09-26T09:17:55Z,755.4,38248.9,184.0,,,0.0,0.0,,,,,,0.0
2026-09-26T09:18:00Z,760.4,38248.9,128.9,,,0.0,0.0,,,,,,0.0
2026-09-26T09:18:05Z,765.4,38248.9,161.3,,,0.0,0.0,,,,,,0.0
2026-09-26T09:18:10Z,770.4,38248.9,109.2,,,0.0,0.0,,,,,,0.0
2026-09-26T09:18:15Z,775.5,38248.9,127.1,,,0.0,0.0,,,,,,0.0
2026-09-26T09:18:20Z,780.5,38248.9,136.1,,,0.0,0.0,,,,,,0.0
2026-09-26T09:18:25Z,785.5,38248.9,151.1,,,0.0,0.0,,,,,,0.0
2026-09-26T09:18:30Z,790.5,38248.9,140.0,,,0.0,0.0,,,,,,0.0
2026-09-26T09:18:35Z,795.5,38248.9,164.6,,,0.0,0.0,,,,,,0.0
2026-09-26T09:18:40Z,800.5,38248.9,158.5,,,0.0,0.0,,,,,,0.0
2026-09-26T09:18:45Z,805.5,38248.9,178.3,,,0.0,0.0,,,,,,0.0
2026-09-26T09:18:50Z,810.5,38248.9,158.0,,,0.0,0.0,,,,,,0.0
2026-09-26T09:18:55Z,815.5,38248.9,180.0,,,0.0,0.0,,,,,,0.0
2026-09-26T09:19:00Z,820.5,38248.9,134.5,,,0.0,0.0,,,,,,0.0
2026-09-26T09:19:05Z,825.5,38248.9,188.3,,,0.0,0.0,,,,,,0.0
2026-09-26T09:19:10Z,830.5,38248.9,180.4,,,0.0,0.0,,,,,,0.0
2026-09-26T09:19:15Z,835.5,38248.9,128.9,,,0.0,0.0,,,,,,0.0
2026-09-26T09:19:20Z,840.5,38248.9,159.9,,,0.0,0.0,,,,,,0.0
2026-09-26T09:19:25Z,845.5,38248.9,159.9,,,0.0,0.0,,,,,,0.0
2026-09-26T09:19:30Z,850.5,38248.9,186.5,,,0.0,0.0,,,,,,0.0
2026-09-26T09:19:35Z,855.5,38248.9,154.7,,,0.0,0.0,,,,,,0.0
2026-09-26T09:19:40Z,860.5,38248.9,144.5,,,0.0,0.0,,,,,,0.0
2026-09-26T09:19:45Z,865.5,38248.9,146.4,,,0.0,0.0,,,,,,0.0
2026-09-26T09:19:50Z,870.5,38248.9,159.6,,,0.0,0.0,,,,,,0.0
2026-09-26T09:19:55Z,875.5,38248.9,151.4,,,0.0,0.0,,,,,,0.0
2026-09-26T09:20:00Z,880.5,38248.9,133.5,,,0.0,0.0,,,,,,0.0
2026-09-26T09:20:05Z,885.5,38248.9,118.6,,,0.0,0.0,,,,,,0.0
2026-09-26T09:20:10Z,890.5,38248.9,23329.9,,,0.0,0.0,,,,,,0.0
