SeLockMemoryPrivilege: ENABLED -- SeLockMemoryPrivilege enabled on this process's token
AWE chunk: requested 524288 pages, got 524288. held_mb=2048.0 avail_mb=48832.2
AWE chunk: requested 77598 pages, got 77598. held_mb=2351.1 avail_mb=46773.7
TARGET REACHED (or best effort). mechanism=AWE held_mb=2351.1 available_mb=46461.8 target_available_mb=46470.61227416992
2026-10-05T11:23:57Z,0.0,2351.1,46461.8,,,0.0,0.0,,,,,,0.0
2026-10-05T11:24:02Z,5.0,2351.1,46474.8,,,0.0,0.0,,,,,,0.0
2026-10-05T11:24:07Z,10.0,2351.1,46472.5,,,0.0,0.0,,,,,,0.0
2026-10-05T11:24:12Z,15.0,2351.1,46476.0,,,0.0,0.0,,,,,,0.0
2026-10-05T11:24:17Z,20.0,2351.1,46474.5,,,0.0,0.0,,,,,,0.0
2026-10-05T11:24:22Z,25.0,2351.1,46480.5,,,0.0,0.0,,,,,,0.0
2026-10-05T11:24:27Z,30.0,2351.1,46480.7,,,0.0,0.0,,,,,,0.0
2026-10-05T11:24:32Z,35.0,2351.1,46478.6,,,0.0,0.0,,,,,,0.0
2026-10-05T11:24:37Z,40.0,2351.1,46478.8,,,0.0,0.0,,,,,,0.0
2026-10-05T11:24:42Z,45.0,2351.1,46478.4,,,0.0,0.0,,,,,,0.0
2026-10-05T11:24:47Z,50.0,2351.1,46479.0,,,0.0,0.0,,,,,,0.0
2026-10-05T11:24:52Z,55.0,2351.1,46473.7,,,0.0,0.0,,,,,,0.0
2026-10-05T11:24:57Z,60.0,2351.1,46476.3,,,0.0,0.0,,,,,,0.0
2026-10-05T11:25:02Z,65.0,2351.1,46473.3,,,0.0,0.0,,,,,,0.0
2026-10-05T11:25:07Z,70.0,2351.1,46472.5,,,0.0,0.0,,,,,,0.0
2026-10-05T11:25:12Z,75.0,2351.1,46472.6,,,0.0,0.0,,,,,,0.0
2026-10-05T11:25:17Z,80.0,2351.1,46471.9,,,0.0,0.0,,,,,,0.0
2026-10-05T11:25:22Z,85.0,2351.1,46472.8,,,0.0,0.0,,,,,,0.0
2026-10-05T11:25:27Z,90.0,2351.1,46475.8,,,0.0,0.0,,,,,,0.0
2026-10-05T11:25:32Z,95.0,2351.1,46478.8,,,0.0,0.0,,,,,,0.0
2026-10-05T11:25:37Z,100.0,2351.1,46477.6,,,0.0,0.0,,,,,,0.0
2026-10-05T11:25:42Z,105.0,2351.1,46477.9,,,0.0,0.0,,,,,,0.0
2026-10-05T11:25:47Z,110.0,2351.1,46478.0,,,0.0,0.0,,,,,,0.0
2026-10-05T11:25:52Z,115.0,2351.1,46473.1,,,0.0,0.0,,,,,,0.0
2026-10-05T11:25:57Z,120.0,2351.1,46473.4,,,0.0,0.0,,,,,,0.0
2026-10-05T11:26:02Z,125.0,2351.1,46474.6,,,0.0,0.0,,,,,,0.0
2026-10-05T11:26:07Z,130.0,2351.1,46473.7,,,0.0,0.0,,,,,,0.0
2026-10-05T11:26:12Z,135.0,2351.1,46474.2,,,0.0,0.0,,,,,,0.0
2026-10-05T11:26:17Z,140.0,2351.1,46475.1,,,0.0,0.0,,,,,,0.0
2026-10-05T11:26:22Z,145.0,2351.1,46474.2,,,0.0,0.0,,,,,,0.0
2026-10-05T11:26:27Z,150.0,2351.1,46418.6,,,0.0,0.0,,,,,,0.0
2026-10-05T11:26:32Z,155.0,2351.1,46455.8,,,0.0,0.0,,,,,,0.0
2026-10-05T11:26:37Z,160.0,2351.1,46468.0,,,0.0,0.0,,,,,,0.0
2026-10-05T11:26:42Z,165.0,2351.1,46468.1,,,0.0,0.0,,,,,,0.0
2026-10-05T11:26:47Z,170.0,2351.1,46468.7,,,0.0,0.0,,,,,,0.0
2026-10-05T11:26:52Z,175.0,2351.1,46463.5,,,0.0,0.0,,,,,,0.0
2026-10-05T11:26:57Z,180.0,2351.1,46486.2,,,0.0,0.0,,,,,,0.0
2026-10-05T11:27:02Z,185.0,2351.1,46486.8,,,0.0,0.0,,,,,,0.0
2026-10-05T11:27:07Z,190.0,2351.1,46493.6,,,0.0,0.0,,,,,,0.0
2026-10-05T11:27:12Z,195.0,2351.1,46493.5,,,0.0,0.0,,,,,,0.0
2026-10-05T11:27:17Z,200.0,2351.1,46458.2,,,0.0,0.0,,,,,,0.0
2026-10-05T11:27:22Z,205.0,2351.1,46480.5,,,0.0,0.0,,,,,,0.0
2026-10-05T11:27:27Z,210.0,2351.1,46489.3,,,0.0,0.0,,,,,,0.0
2026-10-05T11:27:32Z,215.0,2351.1,46492.8,,,0.0,0.0,,,,,,0.0
2026-10-05T11:27:37Z,220.0,2351.1,46491.9,,,0.0,0.0,,,,,,0.0
2026-10-05T11:27:42Z,225.0,2351.1,46493.5,,,0.0,0.0,,,,,,0.0
2026-10-05T11:27:47Z,230.0,2351.1,46495.0,,,0.0,0.0,,,,,,0.0
2026-10-05T11:27:52Z,235.0,2351.1,46489.7,,,0.0,0.0,,,,,,0.0
2026-10-05T11:27:57Z,240.0,2351.1,46491.1,,,0.0,0.0,,,,,,0.0
2026-10-05T11:28:02Z,245.0,2351.1,46490.7,,,0.0,0.0,,,,,,0.0
2026-10-05T11:28:07Z,250.0,2351.1,46491.2,,,0.0,0.0,,,,,,0.0
2026-10-05T11:28:12Z,255.0,2351.1,46490.8,,,0.0,0.0,,,,,,0.0
2026-10-05T11:28:17Z,260.0,2351.1,46491.6,,,0.0,0.0,,,,,,0.0
2026-10-05T11:28:22Z,265.0,2351.1,46493.3,,,0.0,0.0,,,,,,0.0
2026-10-05T11:28:27Z,270.0,2351.1,46493.0,,,0.0,0.0,,,,,,0.0
2026-10-05T11:28:32Z,275.0,2351.1,46494.4,,,0.0,0.0,,,,,,0.0
2026-10-05T11:28:37Z,280.0,2351.1,46494.4,,,0.0,0.0,,,,,,0.0
2026-10-05T11:28:42Z,285.0,2351.1,46494.7,,,0.0,0.0,,,,,,0.0
2026-10-05T11:28:47Z,290.0,2351.1,46494.6,,,0.0,0.0,,,,,,0.0
2026-10-05T11:28:52Z,295.0,2351.1,46489.1,,,0.0,0.0,,,,,,0.0
2026-10-05T11:28:57Z,300.0,2351.1,46489.6,,,0.0,0.0,,,,,,0.0
2026-10-05T11:29:02Z,305.0,2351.1,46488.0,,,0.0,0.0,,,,,,0.0
2026-10-05T11:29:07Z,310.0,2351.1,46488.5,,,0.0,0.0,,,,,,0.0
2026-10-05T11:29:12Z,315.0,2351.1,46489.4,,,0.0,0.0,,,,,,0.0
2026-10-05T11:29:17Z,320.0,2351.1,46488.8,,,0.0,0.0,,,,,,0.0
2026-10-05T11:29:22Z,325.0,2351.1,46490.4,,,0.0,0.0,,,,,,0.0
2026-10-05T11:29:27Z,330.0,2351.1,46496.0,,,0.0,0.0,,,,,,0.0
2026-10-05T11:29:32Z,335.1,2351.1,46499.1,,,0.0,0.0,,,,,,0.0
2026-10-05T11:29:37Z,340.1,2351.1,46496.9,,,0.0,0.0,,,,,,0.0
2026-10-05T11:29:42Z,345.1,2351.1,46492.7,,,0.0,0.0,,,,,,0.0
2026-10-05T11:29:47Z,350.1,2351.1,46493.5,,,0.0,0.0,,,,,,0.0
2026-10-05T11:29:52Z,355.1,2351.1,46488.3,,,0.0,0.0,,,,,,0.0
2026-10-05T11:29:57Z,360.1,2351.1,46489.4,,,0.0,0.0,,,,,,0.0
2026-10-05T11:30:02Z,365.1,2351.1,46487.4,,,0.0,0.0,,,,,,0.0
2026-10-05T11:30:07Z,370.1,2351.1,46490.1,,,0.0,0.0,,,,,,0.0
2026-10-05T11:30:12Z,375.1,2351.1,46489.1,,,0.0,0.0,,,,,,0.0
2026-10-05T11:30:17Z,380.1,2351.1,46487.6,,,0.0,0.0,,,,,,0.0
2026-10-05T11:30:22Z,385.1,2351.1,46487.2,,,0.0,0.0,,,,,,0.0
2026-10-05T11:30:27Z,390.1,2351.1,46488.2,,,0.0,0.0,,,,,,0.0
2026-10-05T11:30:32Z,395.1,2351.1,46488.6,,,0.0,0.0,,,,,,0.0
2026-10-05T11:30:37Z,400.1,2351.1,46488.5,,,0.0,0.0,,,,,,0.0
2026-10-05T11:30:42Z,405.1,2351.1,46488.4,,,0.0,0.0,,,,,,0.0
2026-10-05T11:30:47Z,410.1,2351.1,46488.7,,,0.0,0.0,,,,,,0.0
2026-10-05T11:30:52Z,415.1,2351.1,46483.3,,,0.0,0.0,,,,,,0.0
2026-10-05T11:30:57Z,420.1,2351.1,46484.4,,,0.0,0.0,,,,,,0.0
2026-10-05T11:31:02Z,425.1,2351.1,46458.4,,,0.0,0.0,,,,,,0.0
2026-10-05T11:31:07Z,430.1,2351.1,46460.2,,,0.0,0.0,,,,,,0.0
2026-10-05T11:31:12Z,435.1,2351.1,46464.6,,,0.0,0.0,,,,,,0.0
2026-10-05T11:31:17Z,440.1,2351.1,46410.0,,,0.0,0.0,,,,,,0.0
2026-10-05T11:31:22Z,445.1,2351.1,46388.6,,,0.0,0.0,,,,,,0.0
2026-10-05T11:31:27Z,450.1,2351.1,46372.7,,,0.0,0.0,,,,,,0.0
2026-10-05T11:31:32Z,455.1,2351.1,46367.0,,,0.0,0.0,,,,,,0.0
2026-10-05T11:31:37Z,460.1,2351.1,46357.7,,,0.0,0.0,,,,,,0.0
2026-10-05T11:31:42Z,465.1,2351.1,46335.5,,,0.0,0.0,,,,,,0.0
2026-10-05T11:31:47Z,470.1,2351.1,46275.9,,,0.0,0.0,,,,,,0.0
2026-10-05T11:31:52Z,475.1,2351.1,46293.2,,,0.0,0.0,,,,,,0.0
2026-10-05T11:31:57Z,480.1,2351.1,46261.6,,,0.0,0.0,,,,,,0.0
2026-10-05T11:32:02Z,485.1,2351.1,46266.6,,,0.0,0.0,,,,,,0.0
2026-10-05T11:32:07Z,490.1,2351.1,46277.7,,,0.0,0.0,,,,,,0.0
2026-10-05T11:32:12Z,495.1,2351.1,46277.4,,,0.0,0.0,,,,,,0.0
2026-10-05T11:32:17Z,500.1,2351.1,46290.4,,,0.0,0.0,,,,,,0.0
2026-10-05T11:32:22Z,505.1,2351.1,46294.3,,,0.0,0.0,,,,,,0.0
2026-10-05T11:32:27Z,510.1,2351.1,46295.6,,,0.0,0.0,,,,,,0.0
2026-10-05T11:32:32Z,515.1,2351.1,46297.3,,,0.0,0.0,,,,,,0.0
2026-10-05T11:32:37Z,520.1,2351.1,46299.9,,,0.0,0.0,,,,,,0.0
2026-10-05T11:32:42Z,525.1,2351.1,46298.8,,,0.0,0.0,,,,,,0.0
2026-10-05T11:32:47Z,530.1,2351.1,46313.1,,,0.0,0.0,,,,,,0.0
2026-10-05T11:32:52Z,535.1,2351.1,46311.3,,,0.0,0.0,,,,,,0.0
2026-10-05T11:32:57Z,540.1,2351.1,46311.4,,,0.0,0.0,,,,,,0.0
2026-10-05T11:33:02Z,545.1,2351.1,46307.1,,,0.0,0.0,,,,,,0.0
2026-10-05T11:33:07Z,550.1,2351.1,46309.5,,,0.0,0.0,,,,,,0.0
2026-10-05T11:33:12Z,555.1,2351.1,46310.2,,,0.0,0.0,,,,,,0.0
2026-10-05T11:33:17Z,560.1,2351.1,46316.0,,,0.0,0.0,,,,,,0.0
2026-10-05T11:33:22Z,565.1,2351.1,46319.5,,,0.0,0.0,,,,,,0.0
2026-10-05T11:33:27Z,570.1,2351.1,46319.8,,,0.0,0.0,,,,,,0.0
2026-10-05T11:33:32Z,575.1,2351.1,46321.6,,,0.0,0.0,,,,,,0.0
2026-10-05T11:33:37Z,580.1,2351.1,46323.1,,,0.0,0.0,,,,,,0.0
2026-10-05T11:33:42Z,585.1,2351.1,46296.4,,,0.0,0.0,,,,,,0.0
2026-10-05T11:33:47Z,590.1,2351.1,46306.7,,,0.0,0.0,,,,,,0.0
2026-10-05T11:33:52Z,595.1,2351.1,46329.1,,,0.0,0.0,,,,,,0.0
2026-10-05T11:33:57Z,600.1,2351.1,46327.4,,,0.0,0.0,,,,,,0.0
2026-10-05T11:34:02Z,605.1,2351.1,46327.7,,,0.0,0.0,,,,,,0.0
2026-10-05T11:34:07Z,610.1,2351.1,46328.0,,,0.0,0.0,,,,,,0.0
2026-10-05T11:34:12Z,615.1,2351.1,46327.2,,,0.0,0.0,,,,,,0.0
2026-10-05T11:34:17Z,620.1,2351.1,46332.4,,,0.0,0.0,,,,,,0.0
2026-10-05T11:34:22Z,625.1,2351.1,46337.0,,,0.0,0.0,,,,,,0.0
2026-10-05T11:34:27Z,630.1,2351.1,46336.7,,,0.0,0.0,,,,,,0.0
2026-10-05T11:34:32Z,635.1,2351.1,46342.4,,,0.0,0.0,,,,,,0.0
2026-10-05T11:34:37Z,640.1,2351.1,46344.1,,,0.0,0.0,,,,,,0.0
2026-10-05T11:34:42Z,645.1,2351.1,46344.0,,,0.0,0.0,,,,,,0.0
2026-10-05T11:34:47Z,650.1,2351.1,46349.7,,,0.0,0.0,,,,,,0.0
2026-10-05T11:34:52Z,655.1,2351.1,46343.3,,,0.0,0.0,,,,,,0.0
2026-10-05T11:34:57Z,660.1,2351.1,46342.5,,,0.0,0.0,,,,,,0.0
2026-10-05T11:35:02Z,665.1,2351.1,46341.6,,,0.0,0.0,,,,,,0.0
2026-10-05T11:35:07Z,670.1,2351.1,46348.2,,,0.0,0.0,,,,,,0.0
2026-10-05T11:35:12Z,675.1,2351.1,46349.5,,,0.0,0.0,,,,,,0.0
2026-10-05T11:35:17Z,680.1,2351.1,46349.8,,,0.0,0.0,,,,,,0.0
2026-10-05T11:35:22Z,685.1,2351.1,46345.5,,,0.0,0.0,,,,,,0.0
2026-10-05T11:35:27Z,690.1,2351.1,46349.5,,,0.0,0.0,,,,,,0.0
2026-10-05T11:35:32Z,695.1,2351.1,46351.8,,,0.0,0.0,,,,,,0.0
2026-10-05T11:35:37Z,700.1,2351.1,46351.7,,,0.0,0.0,,,,,,0.0
2026-10-05T11:35:42Z,705.1,2351.1,46351.1,,,0.0,0.0,,,,,,0.0
2026-10-05T11:35:47Z,710.1,2351.1,46352.6,,,0.0,0.0,,,,,,0.0
2026-10-05T11:35:52Z,715.1,2351.1,46341.4,,,0.0,0.0,,,,,,0.0
2026-10-05T11:35:57Z,720.1,2351.1,46339.1,,,0.0,0.0,,,,,,0.0
2026-10-05T11:36:02Z,725.1,2351.1,46336.1,,,0.0,0.0,,,,,,0.0
2026-10-05T11:36:07Z,730.1,2351.1,46337.3,,,0.0,0.0,,,,,,0.0
2026-10-05T11:36:12Z,735.1,2351.1,46339.3,,,0.0,0.0,,,,,,0.0
2026-10-05T11:36:17Z,740.1,2351.1,46343.6,,,0.0,0.0,,,,,,0.0
2026-10-05T11:36:22Z,745.1,2351.1,46347.5,,,0.0,0.0,,,,,,0.0
2026-10-05T11:36:27Z,750.1,2351.1,46348.8,,,0.0,0.0,,,,,,0.0
2026-10-05T11:36:32Z,755.1,2351.1,46352.4,,,0.0,0.0,,,,,,0.0
2026-10-05T11:36:37Z,760.1,2351.1,46351.3,,,0.0,0.0,,,,,,0.0
2026-10-05T11:36:42Z,765.1,2351.1,46352.1,,,0.0,0.0,,,,,,0.0
2026-10-05T11:36:47Z,770.1,2351.1,46403.4,,,0.0,0.0,,,,,,0.0
2026-10-05T11:36:52Z,775.1,2351.1,46398.6,,,0.0,0.0,,,,,,0.0
2026-10-05T11:36:57Z,780.1,2351.1,46400.7,,,0.0,0.0,,,,,,0.0
2026-10-05T11:37:02Z,785.1,2351.1,46399.3,,,0.0,0.0,,,,,,0.0
2026-10-05T11:37:07Z,790.1,2351.1,46398.5,,,0.0,0.0,,,,,,0.0
2026-10-05T11:37:12Z,795.1,2351.1,46399.5,,,0.0,0.0,,,,,,0.0
2026-10-05T11:37:17Z,800.1,2351.1,46400.2,,,0.0,0.0,,,,,,0.0
2026-10-05T11:37:22Z,805.1,2351.1,46394.6,,,0.0,0.0,,,,,,0.0
2026-10-05T11:37:27Z,810.1,2351.1,46399.5,,,0.0,0.0,,,,,,0.0
2026-10-05T11:37:32Z,815.1,2351.1,46402.6,,,0.0,0.0,,,,,,0.0
2026-10-05T11:37:37Z,820.1,2351.1,46401.7,,,0.0,0.0,,,,,,0.0
2026-10-05T11:37:42Z,825.1,2351.1,46401.1,,,0.0,0.0,,,,,,0.0
2026-10-05T11:37:47Z,830.1,2351.1,46401.2,,,0.0,0.0,,,,,,0.0
2026-10-05T11:37:52Z,835.1,2351.1,46400.5,,,0.0,0.0,,,,,,0.0
2026-10-05T11:37:57Z,840.1,2351.1,46397.5,,,0.0,0.0,,,,,,0.0
2026-10-05T11:38:02Z,845.1,2351.1,46400.1,,,0.0,0.0,,,,,,0.0
2026-10-05T11:38:07Z,850.1,2351.1,46398.1,,,0.0,0.0,,,,,,0.0
2026-10-05T11:38:12Z,855.1,2351.1,46400.2,,,0.0,0.0,,,,,,0.0
2026-10-05T11:38:17Z,860.1,2351.1,46398.3,,,0.0,0.0,,,,,,0.0
2026-10-05T11:38:22Z,865.1,2351.1,46402.0,,,0.0,0.0,,,,,,0.0
2026-10-05T11:38:27Z,870.1,2351.1,46402.5,,,0.0,0.0,,,,,,0.0
2026-10-05T11:38:32Z,875.1,2351.1,46401.8,,,0.0,0.0,,,,,,0.0
2026-10-05T11:38:37Z,880.2,2351.1,46405.0,,,0.0,0.0,,,,,,0.0
2026-10-05T11:38:42Z,885.2,2351.1,46402.7,,,0.0,0.0,,,,,,0.0
2026-10-05T11:38:47Z,890.2,2351.1,46406.7,,,0.0,0.0,,,,,,0.0
2026-10-05T11:38:52Z,895.2,2351.1,46402.5,,,0.0,0.0,,,,,,0.0
2026-10-05T11:38:57Z,900.2,2351.1,46402.0,,,0.0,0.0,,,,,,0.0
2026-10-05T11:39:02Z,905.2,2351.1,46400.2,,,0.0,0.0,,,,,,0.0
2026-10-05T11:39:07Z,910.2,2351.1,46400.7,,,0.0,0.0,,,,,,0.0
2026-10-05T11:39:12Z,915.2,2351.1,46400.1,,,0.0,0.0,,,,,,0.0
2026-10-05T11:39:17Z,920.2,2351.1,46400.2,,,0.0,0.0,,,,,,0.0
2026-10-05T11:39:22Z,925.2,2351.1,46402.5,,,0.0,0.0,,,,,,0.0
2026-10-05T11:39:27Z,930.2,2351.1,46401.4,,,0.0,0.0,,,,,,0.0
2026-10-05T11:39:32Z,935.2,2351.1,46403.2,,,0.0,0.0,,,,,,0.0
2026-10-05T11:39:37Z,940.2,2351.1,46403.7,,,0.0,0.0,,,,,,0.0
2026-10-05T11:39:42Z,945.2,2351.1,46402.6,,,0.0,0.0,,,,,,0.0
2026-10-05T11:39:47Z,950.2,2351.1,46402.9,,,0.0,0.0,,,,,,0.0
2026-10-05T11:39:52Z,955.2,2351.1,46406.4,,,0.0,0.0,,,,,,0.0
2026-10-05T11:39:57Z,960.2,2351.1,46405.7,,,0.0,0.0,,,,,,0.0
2026-10-05T11:40:02Z,965.2,2351.1,46403.8,,,0.0,0.0,,,,,,0.0
2026-10-05T11:40:07Z,970.2,2351.1,46403.5,,,0.0,0.0,,,,,,0.0
2026-10-05T11:40:12Z,975.2,2351.1,46404.3,,,0.0,0.0,,,,,,0.0
2026-10-05T11:40:17Z,980.2,2351.1,46404.4,,,0.0,0.0,,,,,,0.0
2026-10-05T11:40:22Z,985.2,2351.1,46404.3,,,0.0,0.0,,,,,,0.0
2026-10-05T11:40:27Z,990.2,2351.1,46403.9,,,0.0,0.0,,,,,,0.0
2026-10-05T11:40:32Z,995.2,2351.1,46405.3,,,0.0,0.0,,,,,,0.0
2026-10-05T11:40:37Z,1000.2,2351.1,46404.9,,,0.0,0.0,,,,,,0.0
2026-10-05T11:40:42Z,1005.2,2351.1,46405.0,,,0.0,0.0,,,,,,0.0
2026-10-05T11:40:47Z,1010.2,2351.1,46405.5,,,0.0,0.0,,,,,,0.0
2026-10-05T11:40:52Z,1015.2,2351.1,46394.2,,,0.0,0.0,,,,,,0.0
2026-10-05T11:40:57Z,1020.2,2351.1,46396.9,,,0.0,0.0,,,,,,0.0
2026-10-05T11:41:02Z,1025.2,2351.1,46397.3,,,0.0,0.0,,,,,,0.0
2026-10-05T11:41:07Z,1030.2,2351.1,46392.6,,,0.0,0.0,,,,,,0.0
