SeLockMemoryPrivilege: ENABLED -- SeLockMemoryPrivilege enabled on this process's token
AWE chunk: requested 524288 pages, got 524288. held_mb=2048.0 avail_mb=61385.2
AWE chunk: requested 524288 pages, got 524288. held_mb=4096.0 avail_mb=59348.1
AWE chunk: requested 524288 pages, got 524288. held_mb=6144.0 avail_mb=57296.9
AWE chunk: requested 524288 pages, got 524288. held_mb=8192.0 avail_mb=55244.6
AWE chunk: requested 524288 pages, got 524288. held_mb=10240.0 avail_mb=53193.2
AWE chunk: requested 524288 pages, got 524288. held_mb=12288.0 avail_mb=51141.7
AWE chunk: requested 524288 pages, got 524288. held_mb=14336.0 avail_mb=49090.0
AWE chunk: requested 524288 pages, got 524288. held_mb=16384.0 avail_mb=47038.0
AWE chunk: requested 524288 pages, got 524288. held_mb=18432.0 avail_mb=44987.2
AWE chunk: requested 524288 pages, got 524288. held_mb=20480.0 avail_mb=42934.6
AWE chunk: requested 524288 pages, got 524288. held_mb=22528.0 avail_mb=40879.0
AWE chunk: requested 524288 pages, got 524288. held_mb=24576.0 avail_mb=38831.1
AWE chunk: requested 524288 pages, got 524288. held_mb=26624.0 avail_mb=36778.2
AWE chunk: requested 524288 pages, got 524288. held_mb=28672.0 avail_mb=34725.9
AWE chunk: requested 524288 pages, got 524288. held_mb=30720.0 avail_mb=32673.7
AWE chunk: requested 524288 pages, got 524288. held_mb=32768.0 avail_mb=30622.2
AWE chunk: requested 524288 pages, got 524288. held_mb=34816.0 avail_mb=28569.8
AWE chunk: requested 524288 pages, got 524288. held_mb=36864.0 avail_mb=26517.9
AWE chunk: requested 524288 pages, got 524288. held_mb=38912.0 avail_mb=24465.9
AWE chunk: requested 71416 pages, got 71416. held_mb=39191.0 avail_mb=22413.9
TARGET REACHED (or best effort). mechanism=AWE held_mb=39191.0 available_mb=22134.6 target_available_mb=22134.97
2026-09-29T01:39:01Z,0.0,39191.0,22134.6,,,0.0,0.0,,,,,,0.0
2026-09-29T01:39:06Z,5.0,39191.0,9039.5,,,0.0,0.0,,,,,,0.0
2026-09-29T01:39:11Z,10.0,39191.0,10919.9,,,0.0,0.0,,,,,,0.0
2026-09-29T01:39:16Z,15.0,39191.0,2682.9,,,0.0,0.0,,,,,,0.0
2026-09-29T01:39:21Z,20.0,39191.0,836.2,,,0.0,0.0,,,,,,0.0
2026-09-29T01:39:26Z,25.0,39191.0,690.1,,,0.0,0.0,,,,,,0.0
2026-09-29T01:39:31Z,30.0,39191.0,582.8,,,0.0,0.0,,,,,,0.0
2026-09-29T01:39:36Z,35.0,39191.0,175.1,,,0.0,0.0,,,,,,0.0
2026-09-29T01:39:41Z,40.0,39191.0,172.0,,,0.0,0.0,,,,,,0.0
2026-09-29T01:39:46Z,45.0,39191.0,175.0,,,0.0,0.0,,,,,,0.0
2026-09-29T01:39:51Z,50.0,39191.0,149.9,,,0.0,0.0,,,,,,0.0
2026-09-29T01:39:56Z,55.0,39191.0,175.0,,,0.0,0.0,,,,,,0.0
2026-09-29T01:40:01Z,60.0,39191.0,175.0,,,0.0,0.0,,,,,,0.0
2026-09-29T01:40:06Z,65.0,39191.0,174.9,,,0.0,0.0,,,,,,0.0
2026-09-29T01:40:11Z,70.0,39191.0,170.6,,,0.0,0.0,,,,,,0.0
2026-09-29T01:40:16Z,75.1,39191.0,691.8,,,0.0,0.0,,,,,,0.2
2026-09-29T01:40:21Z,80.2,39191.0,229.5,,,0.0,0.0,,,,,,0.2
2026-09-29T01:40:26Z,85.3,39191.0,491.5,,,0.0,0.0,,,,,,0.1
2026-09-29T01:40:31Z,90.4,39191.0,860.7,,,0.0,0.0,,,,,,0.3
2026-09-29T01:40:36Z,95.4,39191.0,145.3,,,0.0,0.0,,,,,,0.0
2026-09-29T01:40:41Z,100.5,39191.0,389.5,,,0.0,0.0,,,,,,0.2
2026-09-29T01:40:47Z,105.6,39191.0,94.8,,,0.0,0.0,,,,,,0.1
2026-09-29T01:40:52Z,110.7,39191.0,123.1,,,0.0,0.0,,,,,,0.1
2026-09-29T01:40:57Z,115.8,39191.0,472.5,,,0.0,0.0,,,,,,0.2
2026-09-29T01:41:02Z,121.0,39191.0,643.3,,,0.0,0.0,,,,,,0.3
2026-09-29T01:41:07Z,126.0,39191.0,707.2,,,0.0,0.0,,,,,,0.0
2026-09-29T01:41:12Z,131.1,39191.0,105.4,,,0.0,0.0,,,,,,0.0
2026-09-29T01:41:17Z,136.2,39191.0,256.8,,,0.0,0.0,,,,,,0.0
2026-09-29T01:41:22Z,141.2,39191.0,107.8,,,0.0,0.0,,,,,,0.1
2026-09-29T01:41:27Z,146.2,39191.0,137.9,,,0.0,0.0,,,,,,0.2
2026-09-29T01:41:32Z,151.3,39191.0,572.3,,,0.0,0.0,,,,,,0.0
2026-09-29T01:41:38Z,156.4,39191.0,613.9,,,0.0,0.0,,,,,,0.0
2026-09-29T01:41:42Z,161.4,39191.0,546.5,,,0.0,0.0,,,,,,0.2
2026-09-29T01:41:47Z,166.5,39191.0,540.3,,,0.0,0.0,,,,,,0.2
2026-09-29T01:41:53Z,171.7,39191.0,386.1,,,0.0,0.0,,,,,,0.1
2026-09-29T01:41:58Z,176.8,39191.0,112.4,,,0.0,0.0,,,,,,0.1
2026-09-29T01:42:03Z,182.0,39191.0,387.4,,,0.0,0.0,,,,,,0.0
2026-09-29T01:42:08Z,187.0,39191.0,347.8,,,0.0,0.0,,,,,,0.3
2026-09-29T01:42:13Z,192.0,39191.0,165.5,,,0.0,0.0,,,,,,0.0
2026-09-29T01:42:18Z,197.2,39191.0,173.4,,,0.0,0.0,,,,,,0.1
2026-09-29T01:42:23Z,202.2,39191.0,8.2,,,0.0,0.0,,,,,,0.2
2026-09-29T01:42:28Z,207.3,39191.0,316.1,,,0.0,0.0,,,,,,0.2
2026-09-29T01:42:33Z,212.4,39191.0,653.8,,,0.0,0.0,,,,,,0.1
2026-09-29T01:42:38Z,217.5,39191.0,669.3,,,0.0,0.0,,,,,,0.1
2026-09-29T01:42:44Z,222.7,39191.0,750.5,,,0.0,0.0,,,,,,0.1
2026-09-29T01:42:49Z,227.7,39191.0,270.8,,,0.0,0.0,,,,,,0.1
2026-09-29T01:42:54Z,232.8,39191.0,365.2,,,0.0,0.0,,,,,,0.1
2026-09-29T01:42:59Z,237.9,39191.0,346.5,,,0.0,0.0,,,,,,0.1
2026-09-29T01:43:04Z,242.9,39191.0,256.2,,,0.0,0.0,,,,,,0.1
2026-09-29T01:43:09Z,247.9,39191.0,4.2,,,0.0,0.0,,,,,,0.2
2026-09-29T01:43:14Z,253.0,39191.0,1.2,,,0.0,0.0,,,,,,0.2
2026-09-29T01:43:19Z,258.2,39191.0,882.5,,,0.0,0.0,,,,,,0.2
2026-09-29T01:43:24Z,263.2,39191.0,811.4,,,0.0,0.0,,,,,,0.0
2026-09-29T01:43:29Z,268.3,39191.0,778.8,,,0.0,0.0,,,,,,0.2
2026-09-29T01:43:34Z,273.3,39191.0,726.2,,,0.0,0.0,,,,,,0.0
2026-09-29T01:43:39Z,278.3,39191.0,54.1,,,0.0,0.0,,,,,,0.0
2026-09-29T01:43:44Z,283.4,39191.0,849.1,,,0.0,0.0,,,,,,0.1
2026-09-29T01:43:49Z,288.4,39191.0,712.0,,,0.0,0.0,,,,,,0.0
2026-09-29T01:43:55Z,293.6,39191.0,555.2,,,0.0,0.0,,,,,,0.2
2026-09-29T01:44:00Z,298.8,39191.0,854.4,,,0.0,0.0,,,,,,0.3
2026-09-29T01:44:05Z,303.8,39191.0,495.9,,,0.0,0.0,,,,,,0.0
2026-09-29T01:44:10Z,308.8,39191.0,719.6,,,0.0,0.0,,,,,,0.0
2026-09-29T01:44:15Z,313.8,39191.0,286.4,,,0.0,0.0,,,,,,0.0
2026-09-29T01:44:20Z,319.0,39191.0,670.8,,,0.0,0.0,,,,,,0.0
2026-09-29T01:44:25Z,324.0,39191.0,696.2,,,0.0,0.0,,,,,,0.0
2026-09-29T01:44:30Z,329.1,39191.0,456.0,,,0.0,0.0,,,,,,0.5
2026-09-29T01:44:36Z,334.3,39191.0,321.6,,,0.0,0.0,,,,,,0.4
2026-09-29T01:44:40Z,339.3,39191.0,461.5,,,0.0,0.0,,,,,,0.0
2026-09-29T01:44:45Z,344.3,39191.0,431.1,,,0.0,0.0,,,,,,0.0
2026-09-29T01:44:50Z,349.3,39191.0,279.0,,,0.0,0.0,,,,,,0.0
2026-09-29T01:44:56Z,354.4,39191.0,862.3,,,0.0,0.0,,,,,,0.3
2026-09-29T01:45:01Z,359.5,39191.0,666.9,,,0.0,0.0,,,,,,0.1
2026-09-29T01:45:06Z,364.8,39191.0,702.7,,,0.0,0.0,,,,,,0.4
2026-09-29T01:45:11Z,369.9,39191.0,838.3,,,0.0,0.0,,,,,,0.4
2026-09-29T01:45:17Z,375.5,39191.0,868.4,,,0.0,0.0,,,,,,0.5
2026-09-29T01:45:22Z,380.6,39191.0,538.7,,,0.0,0.0,,,,,,0.2
2026-09-29T01:45:26Z,385.6,39191.0,615.6,,,0.0,0.0,,,,,,0.0
2026-09-29T01:45:32Z,390.7,39191.0,666.7,,,0.0,0.0,,,,,,0.0
2026-09-29T01:45:37Z,395.8,39191.0,710.2,,,0.0,0.0,,,,,,0.1
2026-09-29T01:45:42Z,400.8,39191.0,513.3,,,0.0,0.0,,,,,,0.0
2026-09-29T01:45:47Z,405.8,39191.0,471.4,,,0.0,0.0,,,,,,0.0
2026-09-29T01:45:53Z,410.9,39191.0,766.8,,,0.0,0.0,,,,,,0.5
2026-09-29T01:45:57Z,415.9,39191.0,491.9,,,0.0,0.0,,,,,,0.0
2026-09-29T01:46:02Z,421.1,39191.0,813.4,,,0.0,0.0,,,,,,0.2
2026-09-29T01:46:07Z,426.2,39191.0,723.2,,,0.0,0.0,,,,,,0.0
2026-09-29T01:46:13Z,431.5,39191.0,540.5,,,0.0,0.0,,,,,,0.7
2026-09-29T01:46:17Z,436.5,39191.0,558.4,,,0.0,0.0,,,,,,0.0
2026-09-29T01:46:24Z,441.7,39191.0,881.5,,,0.0,0.0,,,,,,0.6
2026-09-29T01:46:28Z,446.7,39191.0,830.8,,,0.0,0.0,,,,,,0.2
2026-09-29T01:46:33Z,452.0,39191.0,489.4,,,0.0,0.0,,,,,,0.4
2026-09-29T01:46:39Z,457.1,39191.0,570.0,,,0.0,0.0,,,,,,0.0
2026-09-29T01:46:43Z,462.4,39191.0,586.7,,,0.0,0.0,,,,,,0.8
2026-09-29T01:46:50Z,467.7,39191.0,864.4,,,0.0,0.0,,,,,,0.5
2026-09-29T01:46:54Z,472.7,39191.0,535.4,,,0.0,0.0,,,,,,0.0
2026-09-29T01:46:59Z,477.7,39191.0,802.1,,,0.0,0.0,,,,,,0.0
2026-09-29T01:47:04Z,483.2,39191.0,786.3,,,0.0,0.0,,,,,,0.1
2026-09-29T01:47:10Z,488.5,39191.0,870.6,,,0.0,0.0,,,,,,0.5
2026-09-29T01:47:15Z,493.5,39191.0,825.1,,,0.0,0.0,,,,,,0.0
2026-09-29T01:47:20Z,498.6,39191.0,537.2,,,0.0,0.0,,,,,,0.0
2026-09-29T01:47:25Z,503.6,39191.0,448.6,,,0.0,0.0,,,,,,0.0
2026-09-29T01:47:30Z,508.6,39191.0,185.3,,,0.0,0.0,,,,,,0.0
2026-09-29T01:47:35Z,513.7,39191.0,542.7,,,0.0,0.0,,,,,,0.3
2026-09-29T01:47:40Z,518.7,39191.0,437.3,,,0.0,0.0,,,,,,0.0
2026-09-29T01:47:45Z,523.9,39191.0,578.6,,,0.0,0.0,,,,,,0.8
2026-09-29T01:47:50Z,528.9,39191.0,512.4,,,0.0,0.0,,,,,,0.0
2026-09-29T01:47:55Z,533.9,39191.0,452.6,,,0.0,0.0,,,,,,0.0
2026-09-29T01:48:00Z,538.9,39191.0,523.5,,,0.0,0.0,,,,,,0.1
2026-09-29T01:48:05Z,543.9,39191.0,484.9,,,0.0,0.0,,,,,,0.2
2026-09-29T01:48:10Z,549.0,39191.0,408.1,,,0.0,0.0,,,,,,0.0
2026-09-29T01:48:16Z,554.1,39191.0,791.8,,,0.0,0.0,,,,,,0.7
2026-09-29T01:48:20Z,559.1,39191.0,399.4,,,0.0,0.0,,,,,,0.0
2026-09-29T01:48:25Z,564.1,39191.0,776.3,,,0.0,0.0,,,,,,0.1
2026-09-29T01:48:30Z,569.1,39191.0,647.1,,,0.0,0.0,,,,,,0.0
2026-09-29T01:48:35Z,574.1,39191.0,412.0,,,0.0,0.0,,,,,,0.0
2026-09-29T01:48:42Z,579.7,39191.0,783.8,,,0.0,0.0,,,,,,0.1
2026-09-29T01:48:48Z,585.4,39191.0,318.5,,,0.0,0.0,,,,,,1.2
2026-09-29T01:48:53Z,590.6,39191.0,626.6,,,0.0,0.0,,,,,,1.6
2026-09-29T01:48:57Z,596.1,39191.0,835.5,,,0.0,0.0,,,,,,0.2
2026-09-29T01:49:02Z,601.2,39191.0,646.2,,,0.0,0.0,,,,,,0.0
2026-09-29T01:49:08Z,606.3,39191.0,443.0,,,0.0,0.0,,,,,,1.0
2026-09-29T01:49:14Z,611.5,39191.0,467.3,,,0.0,0.0,,,,,,0.7
2026-09-29T01:49:18Z,616.5,39191.0,504.2,,,0.0,0.0,,,,,,1.0
2026-09-29T01:49:24Z,622.5,39191.0,724.4,,,0.0,0.0,,,,,,0.3
2026-09-29T01:49:29Z,628.0,39191.0,843.4,,,0.0,0.0,,,,,,0.9
2026-09-29T01:49:35Z,633.1,39191.0,593.8,,,0.0,0.0,,,,,,0.0
2026-09-29T01:49:40Z,638.4,39191.0,754.5,,,0.0,0.0,,,,,,0.2
2026-09-29T01:49:44Z,643.4,39191.0,529.9,,,0.0,0.0,,,,,,0.0
2026-09-29T01:49:49Z,648.4,39191.0,450.0,,,0.0,0.0,,,,,,0.0
2026-09-29T01:49:55Z,653.5,39191.0,502.8,,,0.0,0.0,,,,,,0.4
2026-09-29T01:50:01Z,659.6,39191.0,630.8,,,0.0,0.0,,,,,,0.0
2026-09-29T01:50:07Z,664.9,39191.0,532.1,,,0.0,0.0,,,,,,0.5
2026-09-29T01:50:12Z,670.0,39191.0,666.8,,,0.0,0.0,,,,,,0.4
2026-09-29T01:50:16Z,675.0,39191.0,332.2,,,0.0,0.0,,,,,,0.0
2026-09-29T01:50:21Z,680.0,39191.0,269.5,,,0.0,0.0,,,,,,0.0
2026-09-29T01:50:27Z,685.6,39191.0,517.9,,,0.0,0.0,,,,,,0.0
2026-09-29T01:50:32Z,690.6,39191.0,364.6,,,0.0,0.0,,,,,,0.0
2026-09-29T01:50:38Z,695.7,39191.0,251.4,,,0.0,0.0,,,,,,0.8
2026-09-29T01:50:42Z,701.0,39191.0,557.7,,,0.0,0.0,,,,,,0.0
2026-09-29T01:50:48Z,706.0,39191.0,614.2,,,0.0,0.0,,,,,,0.0
2026-09-29T01:50:52Z,711.0,39191.0,472.2,,,0.0,0.0,,,,,,0.1
2026-09-29T01:50:57Z,716.0,39191.0,403.5,,,0.0,0.0,,,,,,0.0
2026-09-29T01:51:05Z,722.9,39191.0,578.2,,,0.0,0.0,,,,,,0.0
2026-09-29T01:51:09Z,728.3,39191.0,727.5,,,0.0,0.0,,,,,,0.0
2026-09-29T01:51:18Z,734.5,39191.0,471.0,,,0.0,0.0,,,,,,0.0
2026-09-29T01:51:21Z,739.6,39191.0,433.6,,,0.0,0.0,,,,,,0.3
2026-09-29T01:51:26Z,744.6,39191.0,532.8,,,0.0,0.0,,,,,,0.1
2026-09-29T01:51:31Z,749.6,39191.0,365.6,,,0.0,0.0,,,,,,0.0
2026-09-29T01:51:40Z,755.7,39191.0,459.0,,,0.0,0.0,,,,,,5.2
2026-09-29T01:51:47Z,765.6,39191.0,507.6,,,0.0,0.0,,,,,,0.0
2026-09-29T01:51:55Z,771.7,39191.0,562.9,,,0.0,0.0,,,,,,0.0
2026-09-29T01:51:58Z,776.7,39191.0,239.9,,,0.0,0.0,,,,,,0.0
2026-09-29T01:52:07Z,782.6,39191.0,634.0,,,0.0,0.0,,,,,,0.0
2026-09-29T01:52:09Z,787.7,39191.0,736.1,,,0.0,0.0,,,,,,0.0
2026-09-29T01:52:19Z,794.6,39191.0,590.2,,,0.0,0.0,,,,,,0.0
2026-09-29T01:52:21Z,799.7,39191.0,572.7,,,0.0,0.0,,,,,,0.0
2026-09-29T01:52:31Z,807.7,39191.0,783.8,,,0.0,0.0,,,,,,1.4
2026-09-29T01:52:34Z,812.7,39191.0,426.5,,,0.0,0.0,,,,,,0.0
2026-09-29T01:52:43Z,818.8,39191.0,721.2,,,0.0,0.0,,,,,,0.4
2026-09-29T01:52:45Z,823.8,39191.0,518.4,,,0.0,0.0,,,,,,0.0
2026-09-29T01:52:55Z,831.2,39191.0,703.5,,,0.0,0.0,,,,,,1.0
2026-09-29T01:52:58Z,836.5,39191.0,492.6,,,0.0,0.0,,,,,,0.0
2026-09-29T01:53:03Z,841.6,39191.0,579.3,,,0.0,0.0,,,,,,0.0
2026-09-29T01:53:07Z,846.6,39191.0,171.6,,,0.0,0.0,,,,,,0.1
2026-09-29T01:53:19Z,855.0,39191.0,525.5,,,0.0,0.0,,,,,,0.0
2026-09-29T01:53:21Z,860.0,39191.0,429.7,,,0.0,0.0,,,,,,0.0
2026-09-29T01:53:27Z,865.8,39191.0,474.7,,,0.0,0.0,,,,,,0.0
2026-09-29T01:53:40Z,875.0,39191.0,452.5,,,0.0,0.0,,,,,,0.0
2026-09-29T01:53:41Z,880.0,39191.0,360.2,,,0.0,0.0,,,,,,0.0
2026-09-29T01:53:46Z,885.0,39191.0,598.3,,,0.0,0.0,,,,,,0.0
2026-09-29T01:54:03Z,891.9,39191.0,472.9,,,0.0,0.0,,,,,,1.0
2026-09-29T01:54:04Z,903.0,39191.0,629.6,,,0.0,0.0,,,,,,0.0
2026-09-29T01:54:10Z,908.9,39191.0,677.7,,,0.0,0.0,,,,,,0.0
2026-09-29T01:54:18Z,915.8,39191.0,672.0,,,0.0,0.0,,,,,,0.0
2026-09-29T01:54:22Z,921.0,39191.0,625.1,,,0.0,0.0,,,,,,0.0
2026-09-29T01:54:33Z,927.9,39191.0,759.6,,,0.0,0.0,,,,,,1.0
2026-09-29T01:54:34Z,933.6,39191.0,721.3,,,0.0,0.0,,,,,,0.0
2026-09-29T01:54:40Z,938.8,39191.0,365.9,,,0.0,0.0,,,,,,0.0
2026-09-29T01:54:45Z,943.8,39191.0,288.1,,,0.0,0.0,,,,,,0.2
2026-09-29T01:55:05Z,949.5,39191.0,385.2,,,0.0,0.0,,,,,,7.5
2026-09-29T01:55:10Z,967.9,39191.0,729.4,,,0.0,0.0,,,,,,0.0
2026-09-29T01:55:14Z,973.2,39191.0,675.8,,,0.0,0.0,,,,,,0.0
2026-09-29T01:55:19Z,978.2,39191.0,311.7,,,0.0,0.0,,,,,,0.0
2026-09-29T01:55:38Z,986.2,39191.0,657.2,,,0.0,0.0,,,,,,1.5
2026-09-29T01:55:39Z,998.6,39191.0,787.6,,,0.0,0.0,,,,,,0.0
2026-09-29T01:55:45Z,1004.5,39191.0,747.4,,,0.0,0.0,,,,,,0.2
2026-09-29T01:55:54Z,1012.7,39191.0,674.8,,,0.0,0.0,,,,,,0.4
2026-09-29T01:56:03Z,1020.5,39191.0,742.5,,,0.0,0.0,,,,,,0.7
2026-09-29T01:56:07Z,1026.1,39191.0,774.5,,,0.0,0.0,,,,,,1.0
2026-09-29T01:56:12Z,1031.1,39191.0,405.3,,,0.0,0.0,,,,,,0.0
2026-09-29T01:56:19Z,1036.3,39191.0,560.4,,,0.0,0.0,,,,,,0.0
2026-09-29T01:56:23Z,1041.6,39191.0,488.1,,,0.0,0.0,,,,,,0.0
2026-09-29T01:56:35Z,1050.5,39191.0,697.5,,,0.0,0.0,,,,,,0.0
2026-09-29T01:56:37Z,1055.6,39191.0,645.2,,,0.0,0.0,,,,,,0.0
2026-09-29T01:56:54Z,1061.9,39191.0,511.4,,,0.0,0.0,,,,,,0.3
2026-09-29T01:56:55Z,1073.7,39191.0,750.5,,,0.0,0.0,,,,,,0.0
2026-09-29T01:57:11Z,1080.8,39191.0,454.1,,,0.0,0.0,,,,,,0.8
2026-09-29T01:57:11Z,1089.8,39191.0,726.0,,,0.0,0.0,,,,,,0.0
2026-09-29T01:57:25Z,1096.9,39191.0,559.7,,,0.0,0.0,,,,,,0.0
2026-09-29T01:57:25Z,1104.5,39191.0,687.4,,,0.0,0.0,,,,,,0.0
2026-09-29T01:57:31Z,1109.9,39191.0,449.7,,,0.0,0.0,,,,,,0.0
2026-09-29T01:57:36Z,1115.2,39191.0,584.9,,,0.0,0.0,,,,,,0.0
2026-09-29T01:57:42Z,1120.6,39191.0,584.1,,,0.0,0.0,,,,,,0.0
2026-09-29T01:58:01Z,1127.0,39191.0,504.2,,,0.0,0.0,,,,,,0.0
2026-09-29T01:58:02Z,1140.7,39191.0,655.4,,,0.0,0.0,,,,,,0.0
2026-09-29T01:58:07Z,1146.3,39191.0,758.9,,,0.0,0.0,,,,,,0.3
2026-09-29T01:58:12Z,1151.3,39191.0,352.1,,,0.0,0.0,,,,,,0.0
2026-09-29T01:58:17Z,1156.4,39191.0,368.1,,,0.0,0.0,,,,,,0.0
2026-09-29T01:58:32Z,1161.8,39191.0,684.0,,,0.0,0.0,,,,,,13.3
2026-09-29T01:58:44Z,1182.6,39191.0,489.8,,,0.0,0.0,,,,,,0.2
2026-09-29T01:58:53Z,1191.4,39191.0,709.1,,,0.0,0.0,,,,,,0.3
2026-09-29T01:58:58Z,1197.0,39191.0,639.1,,,0.0,0.0,,,,,,0.0
2026-09-29T01:59:03Z,1202.1,39191.0,749.9,,,0.0,0.0,,,,,,0.4
2026-09-29T01:59:08Z,1207.6,39191.0,640.7,,,0.0,0.0,,,,,,0.2
2026-09-29T01:59:13Z,1212.6,39191.0,425.5,,,0.0,0.0,,,,,,0.0
2026-09-29T01:59:32Z,1219.9,39191.0,741.8,,,0.0,0.0,,,,,,0.3
2026-09-29T01:59:38Z,1236.1,39191.0,795.3,,,0.0,0.0,,,,,,0.7
2026-09-29T01:59:43Z,1242.1,39191.0,385.6,,,0.0,0.0,,,,,,0.0
2026-09-29T01:59:48Z,1247.1,39191.0,201.7,,,0.0,0.0,,,,,,0.0
2026-09-29T01:59:58Z,1252.6,39191.0,411.6,,,0.0,0.0,,,,,,0.3
2026-09-29T01:59:59Z,1257.6,39191.0,613.2,,,0.0,0.0,,,,,,0.0
2026-09-29T02:00:08Z,1264.2,39191.0,427.0,,,0.0,0.0,,,,,,0.0
2026-09-29T02:00:18Z,1269.3,39191.0,719.7,,,0.0,0.0,,,,,,6.0
2026-09-29T02:00:20Z,1279.1,39191.0,553.6,,,0.0,0.0,,,,,,0.0
2026-09-29T02:00:26Z,1285.0,39191.0,745.3,,,0.0,0.0,,,,,,0.3
2026-09-29T02:00:31Z,1290.2,39191.0,630.0,,,0.0,0.0,,,,,,0.0
2026-09-29T02:00:36Z,1295.2,39191.0,320.6,,,0.0,0.0,,,,,,0.3
2026-09-29T02:00:41Z,1300.2,39191.0,343.5,,,0.0,0.0,,,,,,0.0
2026-09-29T02:00:50Z,1306.2,39191.0,598.5,,,0.0,0.0,,,,,,3.7
2026-09-29T02:01:03Z,1321.9,39191.0,585.0,,,0.0,0.0,,,,,,0.0
2026-09-29T02:01:08Z,1327.1,39191.0,524.4,,,0.0,0.0,,,,,,0.0
2026-09-29T02:01:13Z,1332.3,39191.0,376.5,,,0.0,0.0,,,,,,0.0
2026-09-29T02:01:22Z,1339.2,39191.0,378.8,,,0.0,0.0,,,,,,1.0
2026-09-29T02:01:25Z,1344.2,39191.0,358.6,,,0.0,0.0,,,,,,0.2
2026-09-29T02:01:39Z,1352.5,39191.0,712.6,,,0.0,0.0,,,,,,0.4
2026-09-29T02:01:39Z,1358.3,39191.0,722.6,,,0.0,0.0,,,,,,0.0
2026-09-29T02:01:44Z,1363.3,39191.0,525.9,,,0.0,0.0,,,,,,0.1
2026-09-29T02:01:49Z,1368.3,39191.0,271.7,,,0.0,0.0,,,,,,0.1
2026-09-29T02:01:55Z,1374.0,39191.0,788.6,,,0.0,0.0,,,,,,0.3
2026-09-29T02:02:00Z,1379.5,39191.0,561.6,,,0.0,0.0,,,,,,0.0
2026-09-29T02:02:06Z,1384.7,39191.0,702.8,,,0.0,0.0,,,,,,1.0
2026-09-29T02:02:16Z,1390.5,39191.0,529.3,,,0.0,0.0,,,,,,0.0
2026-09-29T02:02:17Z,1396.0,39191.0,482.7,,,0.0,0.0,,,,,,0.0
2026-09-29T02:02:22Z,1401.2,39191.0,475.4,,,0.0,0.0,,,,,,0.0
2026-09-29T02:02:39Z,1409.4,39191.0,801.8,,,0.0,0.0,,,,,,1.0
2026-09-29T02:02:40Z,1419.6,39191.0,734.8,,,0.0,0.0,,,,,,0.0
2026-09-29T02:02:50Z,1424.8,39191.0,548.7,,,0.0,0.0,,,,,,8.1
2026-09-29T02:02:58Z,1436.4,39191.0,676.1,,,0.0,0.0,,,,,,0.0
2026-09-29T02:03:02Z,1441.5,39191.0,430.3,,,0.0,0.0,,,,,,0.0
2026-09-29T02:03:07Z,1446.5,39191.0,257.0,,,0.0,0.0,,,,,,0.0
2026-09-29T02:03:20Z,1454.1,39191.0,630.1,,,0.0,0.0,,,,,,2.2
2026-09-29T02:03:23Z,1462.1,39191.0,727.2,,,0.0,0.0,,,,,,0.0
2026-09-29T02:03:29Z,1467.3,39191.0,483.0,,,0.0,0.0,,,,,,0.0
2026-09-29T02:03:38Z,1473.5,39191.0,577.3,,,0.0,0.0,,,,,,0.0
2026-09-29T02:03:39Z,1478.5,39191.0,392.6,,,0.0,0.0,,,,,,0.2
2026-09-29T02:03:53Z,1486.7,39191.0,623.1,,,0.0,0.0,,,,,,0.0
2026-09-29T02:03:54Z,1493.3,39191.0,676.5,,,0.0,0.0,,,,,,0.0
2026-09-29T02:04:04Z,1499.4,39191.0,679.2,,,0.0,0.0,,,,,,0.3
2026-09-29T02:04:06Z,1504.5,39191.0,474.8,,,0.0,0.0,,,,,,0.0
2026-09-29T02:04:11Z,1510.3,39191.0,361.1,,,0.0,0.0,,,,,,0.0
2026-09-29T02:04:22Z,1516.1,39191.0,748.8,,,0.0,0.0,,,,,,0.0
2026-09-29T02:04:22Z,1521.5,39191.0,634.6,,,0.0,0.0,,,,,,0.0
2026-09-29T02:04:27Z,1526.5,39191.0,600.8,,,0.0,0.0,,,,,,0.0
2026-09-29T02:04:32Z,1531.5,39191.0,499.6,,,0.0,0.0,,,,,,0.0
2026-09-29T02:04:38Z,1536.5,39191.0,295.6,,,0.0,0.0,,,,,,0.4
2026-09-29T02:04:42Z,1541.6,39191.0,412.1,,,0.0,0.0,,,,,,0.0
2026-09-29T02:04:55Z,1547.1,39191.0,389.9,,,0.0,0.0,,,,,,0.4
2026-09-29T02:04:55Z,1554.4,39191.0,734.5,,,0.0,0.0,,,,,,0.0
2026-09-29T02:05:06Z,1562.6,39191.0,761.5,,,0.0,0.0,,,,,,0.9
2026-09-29T02:05:16Z,1568.4,39191.0,621.8,,,0.0,0.0,,,,,,0.4
2026-09-29T02:05:16Z,1575.2,39191.0,603.5,,,0.0,0.0,,,,,,0.0
2026-09-29T02:05:30Z,1583.6,39191.0,469.6,,,0.0,0.0,,,,,,0.0
2026-09-29T02:05:30Z,1589.1,39191.0,706.0,,,0.0,0.0,,,,,,0.0
2026-09-29T02:05:35Z,1594.2,39191.0,335.1,,,0.0,0.0,,,,,,0.0
2026-09-29T02:05:50Z,1600.3,39191.0,415.8,,,0.0,0.0,,,,,,1.6
2026-09-29T02:05:51Z,1610.5,39191.0,679.2,,,0.0,0.0,,,,,,0.0
2026-09-29T02:05:59Z,1617.4,39191.0,545.5,,,0.0,0.0,,,,,,0.0
2026-09-29T02:06:11Z,1624.0,39191.0,408.6,,,0.0,0.0,,,,,,0.0
2026-09-29T02:06:11Z,1630.3,39191.0,584.4,,,0.0,0.0,,,,,,0.0
2026-09-29T02:06:22Z,1637.4,39191.0,437.5,,,0.0,0.0,,,,,,0.0
2026-09-29T02:06:24Z,1642.7,39191.0,396.8,,,0.0,0.0,,,,,,0.0
2026-09-29T02:06:34Z,1648.9,39191.0,785.7,,,0.0,0.0,,,,,,0.3
2026-09-29T02:06:35Z,1653.9,39191.0,392.8,,,0.0,0.0,,,,,,0.1
2026-09-29T02:06:42Z,1659.9,39191.0,616.5,,,0.0,0.0,,,,,,0.0
2026-09-29T02:06:46Z,1665.0,39191.0,657.0,,,0.0,0.0,,,,,,0.0
2026-09-29T02:06:51Z,1670.1,39191.0,605.7,,,0.0,0.0,,,,,,0.4
2026-09-29T02:07:02Z,1676.3,39191.0,311.2,,,0.0,0.0,,,,,,0.6
2026-09-29T02:07:02Z,1681.3,39191.0,541.1,,,0.0,0.0,,,,,,0.0
2026-09-29T02:07:10Z,1687.9,39191.0,639.0,,,0.0,0.0,,,,,,0.1
2026-09-29T02:07:14Z,1692.9,39191.0,292.0,,,0.0,0.0,,,,,,0.5
2026-09-29T02:07:24Z,1699.0,39191.0,478.0,,,0.0,0.0,,,,,,0.0
2026-09-29T02:07:25Z,1704.0,39191.0,596.9,,,0.0,0.0,,,,,,0.0
2026-09-29T02:07:33Z,1712.0,39191.0,304.7,,,0.0,0.0,,,,,,0.9
2026-09-29T02:07:38Z,1717.0,39191.0,440.8,,,0.0,0.0,,,,,,0.0
2026-09-29T02:07:49Z,1722.5,39191.0,706.9,,,0.0,0.0,,,,,,1.5
2026-09-29T02:07:49Z,1727.7,39191.0,582.9,,,0.0,0.0,,,,,,0.0
2026-09-29T02:07:54Z,1733.0,39191.0,462.7,,,0.0,0.0,,,,,,0.0
2026-09-29T02:08:00Z,1738.4,39191.0,641.1,,,0.0,0.0,,,,,,0.3
2026-09-29T02:08:06Z,1743.7,39191.0,529.5,,,0.0,0.0,,,,,,0.0
2026-09-29T02:08:10Z,1748.9,39191.0,719.0,,,0.0,0.0,,,,,,0.3
2026-09-29T02:08:15Z,1753.9,39191.0,174.7,,,0.0,0.0,,,,,,0.2
2026-09-29T02:08:26Z,1760.1,39191.0,477.2,,,0.0,0.0,,,,,,6.1
2026-09-29T02:08:31Z,1769.7,39191.0,672.9,,,0.0,0.0,,,,,,0.0
2026-09-29T02:08:41Z,1776.5,39191.0,515.6,,,0.0,0.0,,,,,,0.0
2026-09-29T02:08:47Z,1783.2,39191.0,696.4,,,0.0,0.0,,,,,,0.6
2026-09-29T02:08:49Z,1788.2,39191.0,733.5,,,0.0,0.0,,,,,,0.3
2026-09-29T02:09:00Z,1793.6,39191.0,695.2,,,0.0,0.0,,,,,,0.4
2026-09-29T02:09:01Z,1799.9,39191.0,756.3,,,0.0,0.0,,,,,,0.0
2026-09-29T02:09:06Z,1805.0,39191.0,486.1,,,0.0,0.0,,,,,,0.0
2026-09-29T02:09:17Z,1812.3,39191.0,658.0,,,0.0,0.0,,,,,,0.3
2026-09-29T02:09:18Z,1817.3,39191.0,336.7,,,0.0,0.0,,,,,,0.1
2026-09-29T02:09:28Z,1825.0,39191.0,693.5,,,0.0,0.0,,,,,,0.6
2026-09-29T02:09:33Z,1831.5,39191.0,587.2,,,0.0,0.0,,,,,,0.0
2026-09-29T02:09:44Z,1838.0,39191.0,621.4,,,0.0,0.0,,,,,,0.7
2026-09-29T02:09:44Z,1843.6,39191.0,738.1,,,0.0,0.0,,,,,,0.0
2026-09-29T02:09:50Z,1848.7,39191.0,446.6,,,0.0,0.0,,,,,,0.0
2026-09-29T02:09:56Z,1854.5,39191.0,446.4,,,0.0,0.0,,,,,,0.0
2026-09-29T02:10:00Z,1859.5,39191.0,302.8,,,0.0,0.0,,,,,,0.0
2026-09-29T02:10:08Z,1864.8,39191.0,229.3,,,0.0,0.0,,,,,,1.0
2026-09-29T02:10:11Z,1869.9,39191.0,265.0,,,0.0,0.0,,,,,,0.1
2026-09-29T02:10:16Z,1874.9,39191.0,488.2,,,0.0,0.0,,,,,,0.0
2026-09-29T02:10:21Z,1879.9,39191.0,233.8,,,0.0,0.0,,,,,,0.0
2026-09-29T02:10:26Z,1884.9,39191.0,288.1,,,0.0,0.0,,,,,,0.0
2026-09-29T02:10:31Z,1889.9,39191.0,223.8,,,0.0,0.0,,,,,,0.7
2026-09-29T02:10:39Z,1895.2,39191.0,355.7,,,0.0,0.0,,,,,,4.5
2026-09-29T02:10:43Z,1902.0,39191.0,386.0,,,0.0,0.0,,,,,,0.0
2026-09-29T02:10:57Z,1910.5,39191.0,297.3,,,0.0,0.0,,,,,,1.5
2026-09-29T02:10:58Z,1916.7,39191.0,659.9,,,0.0,0.0,,,,,,0.0
2026-09-29T02:11:03Z,1922.1,39191.0,567.9,,,0.0,0.0,,,,,,0.0
2026-09-29T02:11:09Z,1927.2,39191.0,452.4,,,0.0,0.0,,,,,,0.0
2026-09-29T02:11:21Z,1936.0,39191.0,702.6,,,0.0,0.0,,,,,,4.5
2026-09-29T02:11:26Z,1945.0,39191.0,574.7,,,0.0,0.0,,,,,,0.0
2026-09-29T02:11:32Z,1950.5,39191.0,667.8,,,0.0,0.0,,,,,,0.5
2026-09-29T02:11:40Z,1956.0,39191.0,680.3,,,0.0,0.0,,,,,,8.2
2026-09-29T02:11:45Z,1964.2,39191.0,642.5,,,0.0,0.0,,,,,,0.0
2026-09-29T02:11:50Z,1969.2,39191.0,364.6,,,0.0,0.0,,,,,,0.0
2026-09-29T02:11:59Z,1976.4,39191.0,509.3,,,0.0,0.0,,,,,,0.0
2026-09-29T02:12:05Z,1983.4,39191.0,554.8,,,0.0,0.0,,,,,,0.0
2026-09-29T02:12:17Z,1989.7,39191.0,409.4,,,0.0,0.0,,,,,,0.5
2026-09-29T02:12:18Z,1997.5,39191.0,648.4,,,0.0,0.0,,,,,,0.0
2026-09-29T02:12:24Z,2002.7,39191.0,752.6,,,0.0,0.0,,,,,,0.5
2026-09-29T02:12:29Z,2007.8,39191.0,232.2,,,0.0,0.0,,,,,,0.0
2026-09-29T02:12:39Z,2017.8,39191.0,655.2,,,0.0,0.0,,,,,,0.3
2026-09-29T02:12:44Z,2022.8,39191.0,242.4,,,0.0,0.0,,,,,,0.3
2026-09-29T02:12:49Z,2027.8,39191.0,238.3,,,0.0,0.0,,,,,,0.2
2026-09-29T02:12:54Z,2032.8,39191.0,356.2,,,0.0,0.0,,,,,,0.0
2026-09-29T02:13:03Z,2040.5,39191.0,705.1,,,0.0,0.0,,,,,,1.2
2026-09-29T02:13:13Z,2048.1,39191.0,413.4,,,0.0,0.0,,,,,,0.0
2026-09-29T02:13:19Z,2057.2,39191.0,641.2,,,0.0,0.0,,,,,,0.8
2026-09-29T02:13:24Z,2062.7,39191.0,585.3,,,0.0,0.0,,,,,,0.0
2026-09-29T02:13:40Z,2069.1,39191.0,521.0,,,0.0,0.0,,,,,,0.0
2026-09-29T02:13:40Z,2079.2,39191.0,369.2,,,0.0,0.0,,,,,,0.0
2026-09-29T02:13:45Z,2084.3,39191.0,493.2,,,0.0,0.0,,,,,,0.0
2026-09-29T02:13:50Z,2089.3,39191.0,219.5,,,0.0,0.0,,,,,,0.0
2026-09-29T02:13:55Z,2094.3,39191.0,230.1,,,0.0,0.0,,,,,,0.5
2026-09-29T02:14:00Z,2099.3,39191.0,238.8,,,0.0,0.0,,,,,,0.0
2026-09-29T02:14:19Z,2104.6,39191.0,596.4,,,0.0,0.0,,,,,,0.5
2026-09-29T02:14:20Z,2119.1,39191.0,580.9,,,0.0,0.0,,,,,,0.0
2026-09-29T02:14:28Z,2125.3,39191.0,490.2,,,0.0,0.0,,,,,,0.0
2026-09-29T02:14:31Z,2130.3,39191.0,190.2,,,0.0,0.0,,,,,,0.7
2026-09-29T02:14:42Z,2137.2,39191.0,761.7,,,0.0,0.0,,,,,,0.0
2026-09-29T02:14:44Z,2143.0,39191.0,708.9,,,0.0,0.0,,,,,,0.0
2026-09-29T02:14:53Z,2151.8,39191.0,564.1,,,0.0,0.0,,,,,,0.0
2026-09-29T02:14:58Z,2156.8,39191.0,397.8,,,0.0,0.0,,,,,,0.0
2026-09-29T02:15:11Z,2167.5,39191.0,679.8,,,0.0,0.0,,,,,,0.7
2026-09-29T02:15:14Z,2172.5,39191.0,614.8,,,0.0,0.0,,,,,,0.0
2026-09-29T02:15:18Z,2177.5,39191.0,410.9,,,0.0,0.0,,,,,,0.0
2026-09-29T02:15:28Z,2185.5,39191.0,601.3,,,0.0,0.0,,,,,,0.8
2026-09-29T02:15:32Z,2190.6,39191.0,547.5,,,0.0,0.0,,,,,,0.0
2026-09-29T02:15:37Z,2195.6,39191.0,659.4,,,0.0,0.0,,,,,,0.0
2026-09-29T02:15:47Z,2204.1,39191.0,627.1,,,0.0,0.0,,,,,,0.0
2026-09-29T02:15:55Z,2209.8,39191.0,681.9,,,0.0,0.0,,,,,,0.5
2026-09-29T02:15:56Z,2214.9,39191.0,544.8,,,0.0,0.0,,,,,,0.0
2026-09-29T02:16:01Z,2220.3,39191.0,329.8,,,0.0,0.0,,,,,,0.0
2026-09-29T02:16:16Z,2226.1,39191.0,319.9,,,0.0,0.0,,,,,,5.8
2026-09-29T02:16:16Z,2235.2,39191.0,310.9,,,0.0,0.0,,,,,,0.2
2026-09-29T02:16:23Z,2242.2,39191.0,674.8,,,0.0,0.0,,,,,,0.0
2026-09-29T02:16:34Z,2248.9,39191.0,566.1,,,0.0,0.0,,,,,,0.5
2026-09-29T02:16:35Z,2254.0,39191.0,506.0,,,0.0,0.0,,,,,,0.0
2026-09-29T02:16:51Z,2260.1,39191.0,589.6,,,0.0,0.0,,,,,,0.4
2026-09-29T02:16:52Z,2271.5,39191.0,654.6,,,0.0,0.0,,,,,,0.0
2026-09-29T02:16:57Z,2276.5,39191.0,309.8,,,0.0,0.0,,,,,,0.0
2026-09-29T02:17:02Z,2281.5,39191.0,360.3,,,0.0,0.0,,,,,,0.0
2026-09-29T02:17:08Z,2287.0,39191.0,674.7,,,0.0,0.0,,,,,,0.8
2026-09-29T02:17:14Z,2292.0,39191.0,597.0,,,0.0,0.0,,,,,,0.0
2026-09-29T02:17:28Z,2297.9,39191.0,608.8,,,0.0,0.0,,,,,,1.6
2026-09-29T02:17:30Z,2308.8,39191.0,683.2,,,0.0,0.0,,,,,,0.0
2026-09-29T02:17:38Z,2314.2,39191.0,635.6,,,0.0,0.0,,,,,,0.8
2026-09-29T02:17:41Z,2319.3,39191.0,651.3,,,0.0,0.0,,,,,,0.1
2026-09-29T02:17:45Z,2324.3,39191.0,297.8,,,0.0,0.0,,,,,,0.0
2026-09-29T02:17:50Z,2329.3,39191.0,222.0,,,0.0,0.0,,,,,,0.0
2026-09-29T02:18:07Z,2338.4,39191.0,746.4,,,0.0,0.0,,,,,,0.4
2026-09-29T02:18:08Z,2346.9,39191.0,500.8,,,0.0,0.0,,,,,,0.5
2026-09-29T02:18:13Z,2351.9,39191.0,495.3,,,0.0,0.0,,,,,,0.0
2026-09-29T02:18:18Z,2356.9,39191.0,245.6,,,0.0,0.0,,,,,,0.0
2026-09-29T02:18:23Z,2361.9,39191.0,215.5,,,0.0,0.0,,,,,,0.0
2026-09-29T02:18:28Z,2366.9,39191.0,255.9,,,0.0,0.0,,,,,,0.0
2026-09-29T02:18:33Z,2371.9,39191.0,249.3,,,0.0,0.0,,,,,,0.6
2026-09-29T02:18:38Z,2376.9,39191.0,333.6,,,0.0,0.0,,,,,,0.5
2026-09-29T02:18:51Z,2382.6,39191.0,399.8,,,0.0,0.0,,,,,,3.8
2026-09-29T02:19:00Z,2392.4,39191.0,349.1,,,0.0,0.0,,,,,,0.2
2026-09-29T02:19:01Z,2400.2,39191.0,712.9,,,0.0,0.0,,,,,,0.0
2026-09-29T02:19:06Z,2405.5,39191.0,368.6,,,0.0,0.0,,,,,,0.0
2026-09-29T02:19:11Z,2410.5,39191.0,201.4,,,0.0,0.0,,,,,,0.1
2026-09-29T02:19:17Z,2416.1,39191.0,240.3,,,0.0,0.0,,,,,,0.1
2026-09-29T02:19:22Z,2421.1,39191.0,298.8,,,0.0,0.0,,,,,,0.0
2026-09-29T02:19:27Z,2426.1,39191.0,282.8,,,0.0,0.0,,,,,,0.0
2026-09-29T02:19:41Z,2432.5,39191.0,342.3,,,0.0,0.0,,,,,,3.2
2026-09-29T02:19:42Z,2441.2,39191.0,702.9,,,0.0,0.0,,,,,,0.0
2026-09-29T02:19:51Z,2447.5,39191.0,536.4,,,0.0,0.0,,,,,,0.0
2026-09-29T02:19:53Z,2452.5,39191.0,338.5,,,0.0,0.0,,,,,,0.0
2026-09-29T02:20:03Z,2459.8,39191.0,542.5,,,0.0,0.0,,,,,,0.3
2026-09-29T02:20:12Z,2465.6,39191.0,575.5,,,0.0,0.0,,,,,,0.7
2026-09-29T02:20:13Z,2472.2,39191.0,546.9,,,0.0,0.0,,,,,,0.0
2026-09-29T02:20:19Z,2477.8,39191.0,415.9,,,0.0,0.0,,,,,,0.0
2026-09-29T02:20:30Z,2486.4,39191.0,582.3,,,0.0,0.0,,,,,,0.5
2026-09-29T02:20:32Z,2491.4,39191.0,573.7,,,0.0,0.0,,,,,,0.0
2026-09-29T02:20:42Z,2498.2,39191.0,613.7,,,0.0,0.0,,,,,,0.3
2026-09-29T02:20:45Z,2503.2,39191.0,264.5,,,0.0,0.0,,,,,,1.0
2026-09-29T02:20:52Z,2508.6,39191.0,360.6,,,0.0,0.0,,,,,,0.0
2026-09-29T02:20:55Z,2513.6,39191.0,268.5,,,0.0,0.0,,,,,,0.5
2026-09-29T02:21:01Z,2519.5,39191.0,703.1,,,0.0,0.0,,,,,,1.1
2026-09-29T02:21:05Z,2524.5,39191.0,235.6,,,0.0,0.0,,,,,,0.9
2026-09-29T02:21:10Z,2529.5,39191.0,590.2,,,0.0,0.0,,,,,,0.0
2026-09-29T02:21:15Z,2534.5,39191.0,548.4,,,0.0,0.0,,,,,,0.1
2026-09-29T02:21:20Z,2539.5,39191.0,394.0,,,0.0,0.0,,,,,,0.0
2026-09-29T02:21:25Z,2544.5,39191.0,241.5,,,0.0,0.0,,,,,,0.4
2026-09-29T02:21:30Z,2549.5,39191.0,202.2,,,0.0,0.0,,,,,,0.0
2026-09-29T02:21:35Z,2554.5,39191.0,229.0,,,0.0,0.0,,,,,,0.0
2026-09-29T02:21:40Z,2559.5,39191.0,307.4,,,0.0,0.0,,,,,,0.0
2026-09-29T02:21:45Z,2564.5,39191.0,269.6,,,0.0,0.0,,,,,,0.0
2026-09-29T02:22:02Z,2571.6,39191.0,329.0,,,0.0,0.0,,,,,,1.9
2026-09-29T02:22:04Z,2582.5,39191.0,562.3,,,0.0,0.0,,,,,,0.0
2026-09-29T02:22:18Z,2588.9,39191.0,580.8,,,0.0,0.0,,,,,,0.8
2026-09-29T02:22:18Z,2597.5,39191.0,676.9,,,0.0,0.0,,,,,,0.0
2026-09-29T02:22:24Z,2602.6,39191.0,332.0,,,0.0,0.0,,,,,,0.0
2026-09-29T02:22:29Z,2607.6,39191.0,244.1,,,0.0,0.0,,,,,,0.0
2026-09-29T02:22:34Z,2612.6,39191.0,306.7,,,0.0,0.0,,,,,,0.0
2026-09-29T02:22:39Z,2617.6,39191.0,431.6,,,0.0,0.0,,,,,,0.1
2026-09-29T02:22:44Z,2622.6,39191.0,223.7,,,0.0,0.0,,,,,,0.4
2026-09-29T02:23:02Z,2628.3,39191.0,334.5,,,0.0,0.0,,,,,,2.3
2026-09-29T02:23:02Z,2640.7,39191.0,663.2,,,0.0,0.0,,,,,,0.0
2026-09-29T02:23:07Z,2645.7,39191.0,361.1,,,0.0,0.0,,,,,,0.5
2026-09-29T02:23:12Z,2650.7,39191.0,279.9,,,0.0,0.0,,,,,,0.0
2026-09-29T02:23:30Z,2657.1,39191.0,357.2,,,0.0,0.0,,,,,,1.0
2026-09-29T02:23:30Z,2669.2,39191.0,701.4,,,0.0,0.0,,,,,,0.0
2026-09-29T02:23:35Z,2674.3,39191.0,522.6,,,0.0,0.0,,,,,,0.0
2026-09-29T02:23:40Z,2679.3,39191.0,341.3,,,0.0,0.0,,,,,,0.0
2026-09-29T02:23:47Z,2684.3,39191.0,311.1,,,0.0,0.0,,,,,,1.5
2026-09-29T02:23:50Z,2689.3,39191.0,320.1,,,0.0,0.0,,,,,,0.6
2026-09-29T02:23:55Z,2694.3,39191.0,337.7,,,0.0,0.0,,,,,,0.1
2026-09-29T02:24:00Z,2699.3,39191.0,633.5,,,0.0,0.0,,,,,,0.0
2026-09-29T02:24:05Z,2704.4,39191.0,361.4,,,0.0,0.0,,,,,,0.0
2026-09-29T02:24:13Z,2710.4,39191.0,705.6,,,0.0,0.0,,,,,,0.6
2026-09-29T02:24:17Z,2715.6,39191.0,486.2,,,0.0,0.0,,,,,,0.0
2026-09-29T02:24:22Z,2720.9,39191.0,596.7,,,0.0,0.0,,,,,,0.1
2026-09-29T02:24:27Z,2725.9,39191.0,299.0,,,0.0,0.0,,,,,,0.0
2026-09-29T02:24:34Z,2732.2,39191.0,710.6,,,0.0,0.0,,,,,,0.8
2026-09-29T02:24:41Z,2737.3,39191.0,669.8,,,0.0,0.0,,,,,,7.1
2026-09-29T02:24:47Z,2745.3,39191.0,668.4,,,0.0,0.0,,,,,,0.0
2026-09-29T02:24:51Z,2750.3,39191.0,452.4,,,0.0,0.0,,,,,,0.0
2026-09-29T02:25:01Z,2758.2,39191.0,607.3,,,0.0,0.0,,,,,,0.8
2026-09-29T02:25:07Z,2765.3,39191.0,677.7,,,0.0,0.0,,,,,,0.9
2026-09-29T02:25:11Z,2770.3,39191.0,426.0,,,0.0,0.0,,,,,,0.0
2026-09-29T02:25:24Z,2778.7,39191.0,600.9,,,0.0,0.0,,,,,,0.7
2026-09-29T02:25:26Z,2784.4,39191.0,501.8,,,0.0,0.0,,,,,,0.0
2026-09-29T02:25:35Z,2791.5,39191.0,547.5,,,0.0,0.0,,,,,,0.1
2026-09-29T02:25:38Z,2796.7,39191.0,509.6,,,0.0,0.0,,,,,,0.0
2026-09-29T02:25:48Z,2805.5,39191.0,572.4,,,0.0,0.0,,,,,,0.3
2026-09-29T02:25:53Z,2811.5,39191.0,559.1,,,0.0,0.0,,,,,,0.0
2026-09-29T02:25:59Z,2816.7,39191.0,504.1,,,0.0,0.0,,,,,,0.1
2026-09-29T02:26:03Z,2822.2,39191.0,652.3,,,0.0,0.0,,,,,,1.1
2026-09-29T02:26:08Z,2827.3,39191.0,447.8,,,0.0,0.0,,,,,,0.0
2026-09-29T02:26:19Z,2833.4,39191.0,446.3,,,0.0,0.0,,,,,,0.0
2026-09-29T02:26:19Z,2838.5,39191.0,425.5,,,0.0,0.0,,,,,,0.0
2026-09-29T02:26:36Z,2847.1,39191.0,582.5,,,0.0,0.0,,,,,,0.2
2026-09-29T02:26:38Z,2856.6,39191.0,602.9,,,0.0,0.0,,,,,,0.0
2026-09-29T02:26:50Z,2866.7,39191.0,672.4,,,0.0,0.0,,,,,,1.8
2026-09-29T02:26:58Z,2873.4,39191.0,578.1,,,0.0,0.0,,,,,,0.3
2026-09-29T02:26:59Z,2878.4,39191.0,282.5,,,0.0,0.0,,,,,,0.9
2026-09-29T02:27:13Z,2885.2,39191.0,438.1,,,0.0,0.0,,,,,,0.0
2026-09-29T02:27:13Z,2892.4,39191.0,527.7,,,0.0,0.0,,,,,,0.0
2026-09-29T02:27:27Z,2898.8,39191.0,650.8,,,0.0,0.0,,,,,,1.3
2026-09-29T02:27:28Z,2907.5,39191.0,529.7,,,0.0,0.0,,,,,,0.0
2026-09-29T02:27:33Z,2912.6,39191.0,514.1,,,0.0,0.0,,,,,,0.0
2026-09-29T02:27:40Z,2917.7,39191.0,487.2,,,0.0,0.0,,,,,,0.0
2026-09-29T02:27:48Z,2925.4,39191.0,282.2,,,0.0,0.0,,,,,,0.3
2026-09-29T02:27:51Z,2930.4,39191.0,502.5,,,0.0,0.0,,,,,,0.0
2026-09-29T02:27:56Z,2935.4,39191.0,588.4,,,0.0,0.0,,,,,,0.0
2026-09-29T02:28:03Z,2940.6,39191.0,571.4,,,0.0,0.0,,,,,,2.2
2026-09-29T02:28:08Z,2947.0,39191.0,575.5,,,0.0,0.0,,,,,,0.0
2026-09-29T02:28:13Z,2952.5,39191.0,431.0,,,0.0,0.0,,,,,,0.0
2026-09-29T02:28:31Z,2957.6,39191.0,644.7,,,0.0,0.0,,,,,,1.3
2026-09-29T02:28:31Z,2970.1,39191.0,631.2,,,0.0,0.0,,,,,,0.0
2026-09-29T02:28:38Z,2975.6,39191.0,599.1,,,0.0,0.0,,,,,,1.4
2026-09-29T02:28:42Z,2980.6,39191.0,654.8,,,0.0,0.0,,,,,,0.0
2026-09-29T02:28:49Z,2987.1,39191.0,549.1,,,0.0,0.0,,,,,,1.1
2026-09-29T02:28:54Z,2992.5,39191.0,661.3,,,0.0,0.0,,,,,,0.4
2026-09-29T02:29:02Z,2998.3,39191.0,577.8,,,0.0,0.0,,,,,,0.6
2026-09-29T02:29:04Z,3003.3,39191.0,402.4,,,0.0,0.0,,,,,,0.0
2026-09-29T02:29:10Z,3008.3,39191.0,671.3,,,0.0,0.0,,,,,,0.1
2026-09-29T02:29:14Z,3013.3,39191.0,269.0,,,0.0,0.0,,,,,,0.7
2026-09-29T02:29:19Z,3018.3,39191.0,292.3,,,0.0,0.0,,,,,,0.0
2026-09-29T02:29:25Z,3023.7,39191.0,457.8,,,0.0,0.0,,,,,,0.0
2026-09-29T02:29:30Z,3028.7,39191.0,371.1,,,0.0,0.0,,,,,,0.0
2026-09-29T02:29:35Z,3033.7,39191.0,316.2,,,0.0,0.0,,,,,,0.0
2026-09-29T02:29:40Z,3038.7,39191.0,213.6,,,0.0,0.0,,,,,,1.0
2026-09-29T02:29:47Z,3044.0,39191.0,269.8,,,0.0,0.0,,,,,,0.8
2026-09-29T02:29:50Z,3049.0,39191.0,279.0,,,0.0,0.0,,,,,,0.0
2026-09-29T02:29:59Z,3054.2,39191.0,320.8,,,0.0,0.0,,,,,,2.2
2026-09-29T02:30:01Z,3059.7,39191.0,632.2,,,0.0,0.0,,,,,,0.0
2026-09-29T02:30:06Z,3064.9,39191.0,419.3,,,0.0,0.0,,,,,,0.0
2026-09-29T02:30:11Z,3069.9,39191.0,203.3,,,0.0,0.0,,,,,,0.0
2026-09-29T02:30:16Z,3074.9,39191.0,192.1,,,0.0,0.0,,,,,,0.0
2026-09-29T02:30:21Z,3079.9,39191.0,330.2,,,0.0,0.0,,,,,,0.0
2026-09-29T02:30:26Z,3084.9,39191.0,316.0,,,0.0,0.0,,,,,,0.0
2026-09-29T02:30:37Z,3095.8,39191.0,662.1,,,0.0,0.0,,,,,,0.0
2026-09-29T02:30:43Z,3101.0,39191.0,643.5,,,0.0,0.0,,,,,,8.1
2026-09-29T02:30:50Z,3109.0,39191.0,410.8,,,0.0,0.0,,,,,,0.0
2026-09-29T02:30:56Z,3114.5,39191.0,476.3,,,0.0,0.0,,,,,,0.0
2026-09-29T02:31:02Z,3120.0,39191.0,481.4,,,0.0,0.0,,,,,,0.5
2026-09-29T02:31:07Z,3125.4,39191.0,633.6,,,0.0,0.0,,,,,,0.7
2026-09-29T02:31:12Z,3130.9,39191.0,609.3,,,0.0,0.0,,,,,,1.1
2026-09-29T02:31:17Z,3135.9,39191.0,411.3,,,0.0,0.0,,,,,,0.0
2026-09-29T02:31:22Z,3141.0,39191.0,412.5,,,0.0,0.0,,,,,,0.0
2026-09-29T02:31:28Z,3146.9,39191.0,372.6,,,0.0,0.0,,,,,,0.0
2026-09-29T02:31:33Z,3151.9,39191.0,234.2,,,0.0,0.0,,,,,,0.0
2026-09-29T02:31:38Z,3156.9,39191.0,228.9,,,0.0,0.0,,,,,,1.1
2026-09-29T02:31:43Z,3161.9,39191.0,559.6,,,0.0,0.0,,,,,,0.0
2026-09-29T02:31:48Z,3166.9,39191.0,270.5,,,0.0,0.0,,,,,,0.0
2026-09-29T02:31:53Z,3172.0,39191.0,258.8,,,0.0,0.0,,,,,,0.0
2026-09-29T02:32:06Z,3184.5,39191.0,489.8,,,0.0,0.0,,,,,,1.0
2026-09-29T02:32:11Z,3190.1,39191.0,414.5,,,0.0,0.0,,,,,,0.0
2026-09-29T02:32:22Z,3196.5,39191.0,451.0,,,0.0,0.0,,,,,,1.1
2026-09-29T02:32:23Z,3201.8,39191.0,594.1,,,0.0,0.0,,,,,,0.0
2026-09-29T02:32:34Z,3209.9,39191.0,455.9,,,0.0,0.0,,,,,,0.0
2026-09-29T02:32:36Z,3214.9,39191.0,625.6,,,0.0,0.0,,,,,,0.0
2026-09-29T02:32:41Z,3219.9,39191.0,254.0,,,0.0,0.0,,,,,,0.5
2026-09-29T02:32:49Z,3225.8,39191.0,675.9,,,0.0,0.0,,,,,,0.6
2026-09-29T02:32:52Z,3230.8,39191.0,293.6,,,0.0,0.0,,,,,,0.4
2026-09-29T02:32:57Z,3235.8,39191.0,247.8,,,0.0,0.0,,,,,,0.5
SAFETY VALVE: heartbeat stale (600.0s).
Released 39191.0 MB (mechanism=AWE). Exiting.
