SeLockMemoryPrivilege: ENABLED -- SeLockMemoryPrivilege enabled on this process's token
AWE chunk: requested 524288 pages, got 524288. held_mb=2048.0 avail_mb=50392.4
AWE chunk: requested 524288 pages, got 524288. held_mb=4096.0 avail_mb=48332.1
AWE chunk: requested 524288 pages, got 524288. held_mb=6144.0 avail_mb=46289.4
AWE chunk: requested 524288 pages, got 524288. held_mb=8192.0 avail_mb=44239.4
AWE chunk: requested 524288 pages, got 524288. held_mb=10240.0 avail_mb=42188.4
AWE chunk: requested 524288 pages, got 524288. held_mb=12288.0 avail_mb=40137.6
AWE chunk: requested 524288 pages, got 524288. held_mb=14336.0 avail_mb=38086.2
AWE chunk: requested 524288 pages, got 524288. held_mb=16384.0 avail_mb=36025.0
AWE chunk: requested 524288 pages, got 524288. held_mb=18432.0 avail_mb=33950.1
AWE chunk: requested 524288 pages, got 524288. held_mb=20480.0 avail_mb=31913.1
AWE chunk: requested 517935 pages, got 517935. held_mb=22503.2 avail_mb=29861.8
TARGET REACHED (or best effort). mechanism=AWE held_mb=22503.2 available_mb=27821.8 target_available_mb=27838.65396118164
2026-10-05T03:08:55Z,0.0,22503.2,27821.8,,,0.0,0.0,,,,,,0.0
2026-10-05T03:09:00Z,5.0,22503.2,27836.4,,,0.0,0.0,,,,,,0.0
2026-10-05T03:09:05Z,10.0,22503.2,27838.1,,,0.0,0.0,,,,,,0.0
2026-10-05T03:09:10Z,15.0,22503.2,27838.7,,,0.0,0.0,,,,,,0.0
2026-10-05T03:09:15Z,20.0,22503.2,27840.5,,,0.0,0.0,,,,,,0.0
2026-10-05T03:09:20Z,25.0,22503.2,27839.0,,,0.0,0.0,,,,,,0.0
2026-10-05T03:09:25Z,30.0,22503.2,27844.3,,,0.0,0.0,,,,,,0.0
2026-10-05T03:09:30Z,35.0,22503.2,27844.5,,,0.0,0.0,,,,,,0.0
2026-10-05T03:09:35Z,40.0,22503.2,27848.2,,,0.0,0.0,,,,,,0.0
2026-10-05T03:09:40Z,45.0,22503.2,27847.8,,,0.0,0.0,,,,,,0.0
2026-10-05T03:09:45Z,50.0,22503.2,27848.3,,,0.0,0.0,,,,,,0.0
2026-10-05T03:09:50Z,55.0,22503.2,27849.0,,,0.0,0.0,,,,,,0.0
2026-10-05T03:09:55Z,60.0,22503.2,27850.6,,,0.0,0.0,,,,,,0.0
2026-10-05T03:10:00Z,65.0,22503.2,27848.3,,,0.0,0.0,,,,,,0.0
2026-10-05T03:10:05Z,70.0,22503.2,27850.1,,,0.0,0.0,,,,,,0.0
2026-10-05T03:10:10Z,75.0,22503.2,27844.8,,,0.0,0.0,,,,,,0.0
2026-10-05T03:10:15Z,80.0,22503.2,27844.9,,,0.0,0.0,,,,,,0.0
2026-10-05T03:10:20Z,85.0,22503.2,27843.1,,,0.0,0.0,,,,,,0.0
2026-10-05T03:10:25Z,90.0,22503.2,27848.8,,,0.0,0.0,,,,,,0.0
2026-10-05T03:10:30Z,95.0,22503.2,27849.0,,,0.0,0.0,,,,,,0.0
2026-10-05T03:10:35Z,100.0,22503.2,27852.5,,,0.0,0.0,,,,,,0.0
2026-10-05T03:10:40Z,105.0,22503.2,27858.1,,,0.0,0.0,,,,,,0.0
2026-10-05T03:10:45Z,110.0,22503.2,27858.5,,,0.0,0.0,,,,,,0.0
2026-10-05T03:10:50Z,115.0,22503.2,27852.3,,,0.0,0.0,,,,,,0.0
2026-10-05T03:10:55Z,120.0,22503.2,27853.0,,,0.0,0.0,,,,,,0.0
2026-10-05T03:11:00Z,125.0,22503.2,27852.4,,,0.0,0.0,,,,,,0.0
2026-10-05T03:11:05Z,130.0,22503.2,27855.3,,,0.0,0.0,,,,,,0.0
2026-10-05T03:11:10Z,135.0,22503.2,27859.1,,,0.0,0.0,,,,,,0.0
2026-10-05T03:11:15Z,140.0,22503.2,27860.0,,,0.0,0.0,,,,,,0.0
2026-10-05T03:11:20Z,145.0,22503.2,27859.4,,,0.0,0.0,,,,,,0.0
2026-10-05T03:11:25Z,150.0,22503.2,27862.7,,,0.0,0.0,,,,,,0.0
2026-10-05T03:11:30Z,155.0,22503.2,27862.8,,,0.0,0.0,,,,,,0.0
2026-10-05T03:11:35Z,160.0,22503.2,27865.0,,,0.0,0.0,,,,,,0.0
2026-10-05T03:11:40Z,165.0,22503.2,27863.9,,,0.0,0.0,,,,,,0.0
2026-10-05T03:11:45Z,170.0,22503.2,27865.7,,,0.0,0.0,,,,,,0.0
2026-10-05T03:11:50Z,175.0,22503.2,27865.6,,,0.0,0.0,,,,,,0.0
2026-10-05T03:11:55Z,180.0,22503.2,27850.1,,,0.0,0.0,,,,,,0.0
2026-10-05T03:12:00Z,185.0,22503.2,27846.0,,,0.0,0.0,,,,,,0.0
2026-10-05T03:12:05Z,190.0,22503.2,27847.5,,,0.0,0.0,,,,,,0.0
2026-10-05T03:12:10Z,195.0,22503.2,27846.5,,,0.0,0.0,,,,,,0.0
2026-10-05T03:12:15Z,200.0,22503.2,27847.0,,,0.0,0.0,,,,,,0.0
2026-10-05T03:12:20Z,205.0,22503.2,27852.5,,,0.0,0.0,,,,,,0.0
2026-10-05T03:12:25Z,210.0,22503.2,27853.9,,,0.0,0.0,,,,,,0.0
2026-10-05T03:12:30Z,215.0,22503.2,27858.7,,,0.0,0.0,,,,,,0.0
2026-10-05T03:12:35Z,220.0,22503.2,27862.5,,,0.0,0.0,,,,,,0.0
2026-10-05T03:12:40Z,225.0,22503.2,27862.2,,,0.0,0.0,,,,,,0.0
2026-10-05T03:12:45Z,230.0,22503.2,27862.8,,,0.0,0.0,,,,,,0.0
2026-10-05T03:12:50Z,235.0,22503.2,27862.8,,,0.0,0.0,,,,,,0.0
2026-10-05T03:12:55Z,240.0,22503.2,27855.1,,,0.0,0.0,,,,,,0.0
2026-10-05T03:13:00Z,245.0,22503.2,27855.5,,,0.0,0.0,,,,,,0.0
2026-10-05T03:13:05Z,250.0,22503.2,27856.4,,,0.0,0.0,,,,,,0.0
2026-10-05T03:13:10Z,255.0,22503.2,27856.8,,,0.0,0.0,,,,,,0.0
2026-10-05T03:13:15Z,260.0,22503.2,27856.7,,,0.0,0.0,,,,,,0.0
2026-10-05T03:13:20Z,265.0,22503.2,27857.4,,,0.0,0.0,,,,,,0.0
2026-10-05T03:13:25Z,270.0,22503.2,27859.7,,,0.0,0.0,,,,,,0.0
2026-10-05T03:13:30Z,275.0,22503.2,27858.3,,,0.0,0.0,,,,,,0.0
2026-10-05T03:13:35Z,280.0,22503.2,27859.8,,,0.0,0.0,,,,,,0.0
2026-10-05T03:13:40Z,285.0,22503.2,27832.9,,,0.0,0.0,,,,,,0.0
2026-10-05T03:13:45Z,290.0,22503.2,27857.1,,,0.0,0.0,,,,,,0.0
2026-10-05T03:13:50Z,295.0,22503.2,27859.7,,,0.0,0.0,,,,,,0.0
2026-10-05T03:13:55Z,300.0,22503.2,27853.3,,,0.0,0.0,,,,,,0.0
2026-10-05T03:14:00Z,305.0,22503.2,27855.9,,,0.0,0.0,,,,,,0.0
2026-10-05T03:14:05Z,310.0,22503.2,27856.1,,,0.0,0.0,,,,,,0.0
2026-10-05T03:14:10Z,315.0,22503.2,27857.3,,,0.0,0.0,,,,,,0.0
2026-10-05T03:14:15Z,320.0,22503.2,27856.5,,,0.0,0.0,,,,,,0.0
2026-10-05T03:14:20Z,325.0,22503.2,27857.1,,,0.0,0.0,,,,,,0.0
2026-10-05T03:14:25Z,330.0,22503.2,27859.5,,,0.0,0.0,,,,,,0.0
2026-10-05T03:14:30Z,335.0,22503.2,27858.8,,,0.0,0.0,,,,,,0.0
2026-10-05T03:14:35Z,340.1,22503.2,27860.4,,,0.0,0.0,,,,,,0.0
2026-10-05T03:14:40Z,345.1,22503.2,27865.3,,,0.0,0.0,,,,,,0.0
2026-10-05T03:14:45Z,350.1,22503.2,27864.3,,,0.0,0.0,,,,,,0.0
2026-10-05T03:14:50Z,355.1,22503.2,27864.8,,,0.0,0.0,,,,,,0.0
2026-10-05T03:14:55Z,360.1,22503.2,27856.8,,,0.0,0.0,,,,,,0.0
2026-10-05T03:15:00Z,365.1,22503.2,27857.1,,,0.0,0.0,,,,,,0.0
2026-10-05T03:15:05Z,370.1,22503.2,27857.2,,,0.0,0.0,,,,,,0.0
2026-10-05T03:15:10Z,375.1,22503.2,27857.0,,,0.0,0.0,,,,,,0.0
2026-10-05T03:15:15Z,380.1,22503.2,27857.0,,,0.0,0.0,,,,,,0.0
2026-10-05T03:15:20Z,385.1,22503.2,27857.7,,,0.0,0.0,,,,,,0.0
2026-10-05T03:15:25Z,390.1,22503.2,27859.7,,,0.0,0.0,,,,,,0.0
2026-10-05T03:15:30Z,395.1,22503.2,27859.6,,,0.0,0.0,,,,,,0.0
2026-10-05T03:15:35Z,400.1,22503.2,27862.7,,,0.0,0.0,,,,,,0.0
2026-10-05T03:15:40Z,405.1,22503.2,27863.5,,,0.0,0.0,,,,,,0.0
2026-10-05T03:15:45Z,410.1,22503.2,27864.1,,,0.0,0.0,,,,,,0.0
2026-10-05T03:15:50Z,415.1,22503.2,27863.5,,,0.0,0.0,,,,,,0.0
2026-10-05T03:15:55Z,420.1,22503.2,27855.8,,,0.0,0.0,,,,,,0.0
2026-10-05T03:16:00Z,425.1,22503.2,27856.4,,,0.0,0.0,,,,,,0.0
2026-10-05T03:16:05Z,430.1,22503.2,27857.5,,,0.0,0.0,,,,,,0.0
2026-10-05T03:16:10Z,435.1,22503.2,27857.3,,,0.0,0.0,,,,,,0.0
2026-10-05T03:16:15Z,440.1,22503.2,27859.5,,,0.0,0.0,,,,,,0.0
2026-10-05T03:16:20Z,445.1,22503.2,27859.7,,,0.0,0.0,,,,,,0.0
2026-10-05T03:16:25Z,450.1,22503.2,27862.8,,,0.0,0.0,,,,,,0.0
2026-10-05T03:16:30Z,455.1,22503.2,27846.3,,,0.0,0.0,,,,,,0.0
2026-10-05T03:16:35Z,460.1,22503.2,27846.8,,,0.0,0.0,,,,,,0.0
2026-10-05T03:16:40Z,465.1,22503.2,27867.0,,,0.0,0.0,,,,,,0.0
2026-10-05T03:16:45Z,470.1,22503.2,27867.2,,,0.0,0.0,,,,,,0.0
2026-10-05T03:16:50Z,475.1,22503.2,27866.6,,,0.0,0.0,,,,,,0.0
2026-10-05T03:16:55Z,480.1,22503.2,27861.1,,,0.0,0.0,,,,,,0.0
2026-10-05T03:17:00Z,485.1,22503.2,27859.6,,,0.0,0.0,,,,,,0.0
2026-10-05T03:17:05Z,490.1,22503.2,27860.2,,,0.0,0.0,,,,,,0.0
2026-10-05T03:17:10Z,495.1,22503.2,27861.1,,,0.0,0.0,,,,,,0.0
2026-10-05T03:17:15Z,500.1,22503.2,27861.5,,,0.0,0.0,,,,,,0.0
2026-10-05T03:17:20Z,505.1,22503.2,27854.2,,,0.0,0.0,,,,,,0.0
2026-10-05T03:17:25Z,510.1,22503.2,27863.3,,,0.0,0.0,,,,,,0.0
2026-10-05T03:17:30Z,515.1,22503.2,27864.2,,,0.0,0.0,,,,,,0.0
2026-10-05T03:17:35Z,520.1,22503.2,27864.0,,,0.0,0.0,,,,,,0.0
2026-10-05T03:17:40Z,525.1,22503.2,27865.0,,,0.0,0.0,,,,,,0.0
2026-10-05T03:17:45Z,530.1,22503.2,27864.2,,,0.0,0.0,,,,,,0.0
2026-10-05T03:17:50Z,535.1,22503.2,27864.7,,,0.0,0.0,,,,,,0.0
2026-10-05T03:17:55Z,540.1,22503.2,27863.2,,,0.0,0.0,,,,,,0.0
2026-10-05T03:18:00Z,545.1,22503.2,27861.7,,,0.0,0.0,,,,,,0.0
2026-10-05T03:18:05Z,550.1,22503.2,27858.4,,,0.0,0.0,,,,,,0.0
2026-10-05T03:18:10Z,555.1,22503.2,27859.0,,,0.0,0.0,,,,,,0.0
2026-10-05T03:18:15Z,560.1,22503.2,27859.1,,,0.0,0.0,,,,,,0.0
2026-10-05T03:18:20Z,565.1,22503.2,27858.2,,,0.0,0.0,,,,,,0.0
2026-10-05T03:18:25Z,570.1,22503.2,27859.7,,,0.0,0.0,,,,,,0.0
2026-10-05T03:18:30Z,575.1,22503.2,27861.0,,,0.0,0.0,,,,,,0.0
2026-10-05T03:18:35Z,580.1,22503.2,27862.1,,,0.0,0.0,,,,,,0.0
2026-10-05T03:18:40Z,585.1,22503.2,27862.2,,,0.0,0.0,,,,,,0.0
2026-10-05T03:18:45Z,590.1,22503.2,27861.9,,,0.0,0.0,,,,,,0.0
2026-10-05T03:18:50Z,595.1,22503.2,27861.3,,,0.0,0.0,,,,,,0.0
2026-10-05T03:18:55Z,600.1,22503.2,27852.9,,,0.0,0.0,,,,,,0.0
2026-10-05T03:19:00Z,605.1,22503.2,27853.1,,,0.0,0.0,,,,,,0.0
2026-10-05T03:19:05Z,610.1,22503.2,27854.9,,,0.0,0.0,,,,,,0.0
2026-10-05T03:19:10Z,615.1,22503.2,27854.9,,,0.0,0.0,,,,,,0.0
2026-10-05T03:19:15Z,620.1,22503.2,27856.1,,,0.0,0.0,,,,,,0.0
2026-10-05T03:19:20Z,625.1,22503.2,27856.0,,,0.0,0.0,,,,,,0.0
2026-10-05T03:19:25Z,630.1,22503.2,27858.9,,,0.0,0.0,,,,,,0.0
2026-10-05T03:19:30Z,635.1,22503.2,27858.4,,,0.0,0.0,,,,,,0.0
2026-10-05T03:19:35Z,640.1,22503.2,27861.6,,,0.0,0.0,,,,,,0.0
2026-10-05T03:19:40Z,645.1,22503.2,27862.2,,,0.0,0.0,,,,,,0.0
2026-10-05T03:19:45Z,650.1,22503.2,27861.4,,,0.0,0.0,,,,,,0.0
2026-10-05T03:19:50Z,655.1,22503.2,27862.2,,,0.0,0.0,,,,,,0.0
2026-10-05T03:19:55Z,660.1,22503.2,27855.2,,,0.0,0.0,,,,,,0.0
2026-10-05T03:20:00Z,665.1,22503.2,27854.7,,,0.0,0.0,,,,,,0.0
2026-10-05T03:20:05Z,670.1,22503.2,27855.1,,,0.0,0.0,,,,,,0.0
2026-10-05T03:20:10Z,675.1,22503.2,27850.9,,,0.0,0.0,,,,,,0.0
2026-10-05T03:20:15Z,680.1,22503.2,27852.4,,,0.0,0.0,,,,,,0.0
2026-10-05T03:20:20Z,685.1,22503.2,27857.4,,,0.0,0.0,,,,,,0.0
2026-10-05T03:20:25Z,690.1,22503.2,27856.3,,,0.0,0.0,,,,,,0.0
2026-10-05T03:20:30Z,695.1,22503.2,27854.2,,,0.0,0.0,,,,,,0.0
2026-10-05T03:20:35Z,700.1,22503.2,27855.7,,,0.0,0.0,,,,,,0.0
2026-10-05T03:20:40Z,705.1,22503.2,27857.2,,,0.0,0.0,,,,,,0.0
2026-10-05T03:20:45Z,710.1,22503.2,27857.8,,,0.0,0.0,,,,,,0.0
2026-10-05T03:20:50Z,715.1,22503.2,27857.9,,,0.0,0.0,,,,,,0.0
2026-10-05T03:20:55Z,720.1,22503.2,27853.9,,,0.0,0.0,,,,,,0.0
2026-10-05T03:21:00Z,725.1,22503.2,27853.0,,,0.0,0.0,,,,,,0.0
2026-10-05T03:21:05Z,730.1,22503.2,27852.5,,,0.0,0.0,,,,,,0.0
2026-10-05T03:21:10Z,735.1,22503.2,27852.9,,,0.0,0.0,,,,,,0.0
2026-10-05T03:21:15Z,740.1,22503.2,27853.8,,,0.0,0.0,,,,,,0.0
2026-10-05T03:21:20Z,745.1,22503.2,27853.5,,,0.0,0.0,,,,,,0.0
2026-10-05T03:21:25Z,750.1,22503.2,27856.3,,,0.0,0.0,,,,,,0.0
2026-10-05T03:21:30Z,755.1,22503.2,27856.1,,,0.0,0.0,,,,,,0.0
2026-10-05T03:21:35Z,760.1,22503.2,27857.0,,,0.0,0.0,,,,,,0.0
2026-10-05T03:21:40Z,765.1,22503.2,27859.1,,,0.0,0.0,,,,,,0.0
2026-10-05T03:21:45Z,770.1,22503.2,27858.3,,,0.0,0.0,,,,,,0.0
2026-10-05T03:21:50Z,775.1,22503.2,27859.3,,,0.0,0.0,,,,,,0.0
2026-10-05T03:21:55Z,780.1,22503.2,27854.8,,,0.0,0.0,,,,,,0.0
2026-10-05T03:22:00Z,785.1,22503.2,27854.0,,,0.0,0.0,,,,,,0.0
2026-10-05T03:22:05Z,790.1,22503.2,27853.9,,,0.0,0.0,,,,,,0.0
2026-10-05T03:22:10Z,795.1,22503.2,27853.9,,,0.0,0.0,,,,,,0.0
2026-10-05T03:22:15Z,800.1,22503.2,27853.8,,,0.0,0.0,,,,,,0.0
2026-10-05T03:22:20Z,805.1,22503.2,27852.2,,,0.0,0.0,,,,,,0.0
2026-10-05T03:22:25Z,810.1,22503.2,27853.9,,,0.0,0.0,,,,,,0.0
2026-10-05T03:22:30Z,815.1,22503.2,27853.7,,,0.0,0.0,,,,,,0.0
2026-10-05T03:22:35Z,820.1,22503.2,27836.3,,,0.0,0.0,,,,,,0.0
