SeLockMemoryPrivilege: ENABLED -- SeLockMemoryPrivilege enabled on this process's token
AWE chunk: requested 524288 pages, got 524288. held_mb=2048.0 avail_mb=61458.4
AWE chunk: requested 524288 pages, got 524288. held_mb=4096.0 avail_mb=59410.0
AWE chunk: requested 524288 pages, got 524288. held_mb=6144.0 avail_mb=57358.7
AWE chunk: requested 524288 pages, got 524288. held_mb=8192.0 avail_mb=55307.3
AWE chunk: requested 524288 pages, got 524288. held_mb=10240.0 avail_mb=53252.6
AWE chunk: requested 524288 pages, got 524288. held_mb=12288.0 avail_mb=51200.5
AWE chunk: requested 524288 pages, got 524288. held_mb=14336.0 avail_mb=49147.4
AWE chunk: requested 524288 pages, got 524288. held_mb=16384.0 avail_mb=47095.7
AWE chunk: requested 524288 pages, got 524288. held_mb=18432.0 avail_mb=45038.4
AWE chunk: requested 524288 pages, got 524288. held_mb=20480.0 avail_mb=42938.8
AWE chunk: requested 524288 pages, got 524288. held_mb=22528.0 avail_mb=40913.7
AWE chunk: requested 524288 pages, got 524288. held_mb=24576.0 avail_mb=38874.9
AWE chunk: requested 524288 pages, got 524288. held_mb=26624.0 avail_mb=36824.6
AWE chunk: requested 524288 pages, got 524288. held_mb=28672.0 avail_mb=34777.2
AWE chunk: requested 524288 pages, got 524288. held_mb=30720.0 avail_mb=32725.8
AWE chunk: requested 524288 pages, got 524288. held_mb=32768.0 avail_mb=30674.2
AWE chunk: requested 524288 pages, got 524288. held_mb=34816.0 avail_mb=28627.2
AWE chunk: requested 524288 pages, got 524288. held_mb=36864.0 avail_mb=26575.2
AWE chunk: requested 524288 pages, got 524288. held_mb=38912.0 avail_mb=24523.4
AWE chunk: requested 524288 pages, got 524288. held_mb=40960.0 avail_mb=22474.8
AWE chunk: requested 524288 pages, got 524288. held_mb=43008.0 avail_mb=20422.9
AWE chunk: requested 524288 pages, got 524288. held_mb=45056.0 avail_mb=18359.3
AWE chunk: requested 524288 pages, got 524288. held_mb=47104.0 avail_mb=16300.0
AWE chunk: requested 524288 pages, got 524288. held_mb=49152.0 avail_mb=14241.9
AWE chunk: requested 524288 pages, got 524288. held_mb=51200.0 avail_mb=12187.9
AWE chunk: requested 524288 pages, got 524288. held_mb=53248.0 avail_mb=10135.8
AWE chunk: requested 222931 pages, got 222931. held_mb=54118.8 avail_mb=8084.0
TARGET REACHED (or best effort). mechanism=AWE held_mb=54118.8 available_mb=7209.6 target_available_mb=7213.200000000001
2026-09-28T21:02:51Z,0.0,54118.8,7209.6,,,0.0,0.0,,,,,,0.0
2026-09-28T21:02:56Z,5.0,54118.8,1996.2,,,0.0,0.0,,,,,,0.0
2026-09-28T21:03:01Z,10.0,54118.8,603.7,,,0.0,0.0,,,,,,0.0
2026-09-28T21:03:06Z,15.0,54118.8,628.0,,,0.0,0.0,,,,,,0.0
2026-09-28T21:03:11Z,20.0,54118.8,196.9,,,0.0,0.0,,,,,,0.0
2026-09-28T21:03:16Z,25.0,54118.8,366.3,,,0.0,0.0,,,,,,0.0
2026-09-28T21:03:21Z,30.0,54118.8,343.6,,,0.0,0.0,,,,,,0.0
2026-09-28T21:03:26Z,35.0,54118.8,327.4,,,0.0,0.0,,,,,,0.0
2026-09-28T21:03:31Z,40.0,54118.8,336.0,,,0.0,0.0,,,,,,0.0
2026-09-28T21:03:36Z,45.0,54118.8,308.2,,,0.0,0.0,,,,,,0.0
2026-09-28T21:03:41Z,50.0,54118.8,495.7,,,0.0,0.0,,,,,,0.0
2026-09-28T21:03:46Z,55.0,54118.8,403.4,,,0.0,0.0,,,,,,0.0
2026-09-28T21:03:51Z,60.0,54118.8,373.8,,,0.0,0.0,,,,,,0.0
2026-09-28T21:03:56Z,65.0,54118.8,340.4,,,0.0,0.0,,,,,,0.0
2026-09-28T21:04:01Z,70.0,54118.8,339.6,,,0.0,0.0,,,,,,0.0
2026-09-28T21:04:06Z,75.0,54118.8,314.1,,,0.0,0.0,,,,,,0.0
2026-09-28T21:04:11Z,80.0,54118.8,321.0,,,0.0,0.0,,,,,,0.0
2026-09-28T21:04:16Z,85.0,54118.8,255.1,,,0.0,0.0,,,,,,0.0
2026-09-28T21:04:21Z,90.0,54118.8,309.7,,,0.0,0.0,,,,,,0.0
2026-09-28T21:04:26Z,95.0,54118.8,308.0,,,0.0,0.0,,,,,,0.0
2026-09-28T21:04:31Z,100.0,54118.8,288.7,,,0.0,0.0,,,,,,0.0
2026-09-28T21:04:36Z,105.0,54118.8,292.1,,,0.0,0.0,,,,,,0.0
2026-09-28T21:04:41Z,110.0,54118.8,296.8,,,0.0,0.0,,,,,,0.0
2026-09-28T21:04:46Z,115.0,54118.8,298.4,,,0.0,0.0,,,,,,0.0
2026-09-28T21:04:51Z,120.0,54118.8,297.2,,,0.0,0.0,,,,,,0.0
2026-09-28T21:04:56Z,125.0,54118.8,292.9,,,0.0,0.0,,,,,,0.0
2026-09-28T21:05:01Z,130.0,54118.8,278.4,,,0.0,0.0,,,,,,0.0
2026-09-28T21:05:06Z,135.0,54118.8,278.3,,,0.0,0.0,,,,,,0.0
2026-09-28T21:05:11Z,140.0,54118.8,280.6,,,0.0,0.0,,,,,,0.0
2026-09-28T21:05:16Z,145.0,54118.8,280.3,,,0.0,0.0,,,,,,0.0
2026-09-28T21:05:21Z,150.0,54118.8,280.8,,,0.0,0.0,,,,,,0.0
2026-09-28T21:05:26Z,155.0,54118.8,263.1,,,0.0,0.0,,,,,,0.0
2026-09-28T21:05:31Z,160.0,54118.8,263.9,,,0.0,0.0,,,,,,0.0
2026-09-28T21:05:36Z,165.0,54118.8,265.0,,,0.0,0.0,,,,,,0.0
2026-09-28T21:05:41Z,170.0,54118.8,266.0,,,0.0,0.0,,,,,,0.0
2026-09-28T21:05:46Z,175.0,54118.8,266.3,,,0.0,0.0,,,,,,0.0
2026-09-28T21:05:51Z,180.0,54118.8,267.0,,,0.0,0.0,,,,,,0.0
2026-09-28T21:05:56Z,185.0,54118.8,259.4,,,0.0,0.0,,,,,,0.0
2026-09-28T21:06:01Z,190.0,54118.8,261.7,,,0.0,0.0,,,,,,0.0
2026-09-28T21:06:06Z,195.0,54118.8,261.0,,,0.0,0.0,,,,,,0.0
2026-09-28T21:06:11Z,200.0,54118.8,270.8,,,0.0,0.0,,,,,,0.0
2026-09-28T21:06:16Z,205.0,54118.8,270.2,,,0.0,0.0,,,,,,0.0
2026-09-28T21:06:21Z,210.0,54118.8,262.0,,,0.0,0.0,,,,,,0.0
2026-09-28T21:06:26Z,215.0,54118.8,252.4,,,0.0,0.0,,,,,,0.0
2026-09-28T21:06:31Z,220.0,54118.8,255.8,,,0.0,0.0,,,,,,0.0
2026-09-28T21:06:36Z,225.0,54118.8,255.4,,,0.0,0.0,,,,,,0.0
2026-09-28T21:06:41Z,230.0,54118.8,252.7,,,0.0,0.0,,,,,,0.0
2026-09-28T21:06:46Z,235.0,54118.8,249.8,,,0.0,0.0,,,,,,0.0
2026-09-28T21:06:51Z,240.1,54118.8,245.7,,,0.0,0.0,,,,,,0.0
2026-09-28T21:06:56Z,245.1,54118.8,242.4,,,0.0,0.0,,,,,,0.0
2026-09-28T21:07:01Z,250.1,54118.8,241.7,,,0.0,0.0,,,,,,0.0
2026-09-28T21:07:06Z,255.1,54118.8,242.2,,,0.0,0.0,,,,,,0.0
2026-09-28T21:07:11Z,260.1,54118.8,254.0,,,0.0,0.0,,,,,,0.0
2026-09-28T21:07:16Z,265.1,54118.8,245.9,,,0.0,0.0,,,,,,0.0
2026-09-28T21:07:21Z,270.1,54118.8,240.6,,,0.0,0.0,,,,,,0.0
2026-09-28T21:07:26Z,275.1,54118.8,243.4,,,0.0,0.0,,,,,,0.0
2026-09-28T21:07:31Z,280.1,54118.8,242.7,,,0.0,0.0,,,,,,0.0
2026-09-28T21:07:36Z,285.1,54118.8,244.1,,,0.0,0.0,,,,,,0.0
2026-09-28T21:07:41Z,290.1,54118.8,243.6,,,0.0,0.0,,,,,,0.0
2026-09-28T21:07:46Z,295.1,54118.8,228.7,,,0.0,0.0,,,,,,0.0
2026-09-28T21:07:51Z,300.1,54118.8,228.3,,,0.0,0.0,,,,,,0.0
2026-09-28T21:07:56Z,305.1,54118.8,228.6,,,0.0,0.0,,,,,,0.0
2026-09-28T21:08:01Z,310.1,54118.8,229.7,,,0.0,0.0,,,,,,0.0
2026-09-28T21:08:06Z,315.1,54118.8,228.7,,,0.0,0.0,,,,,,0.0
2026-09-28T21:08:11Z,320.1,54118.8,241.9,,,0.0,0.0,,,,,,0.0
2026-09-28T21:08:16Z,325.1,54118.8,238.1,,,0.0,0.0,,,,,,0.0
2026-09-28T21:08:21Z,330.1,54118.8,239.4,,,0.0,0.0,,,,,,0.0
2026-09-28T21:08:26Z,335.1,54118.8,236.8,,,0.0,0.0,,,,,,0.0
2026-09-28T21:08:31Z,340.1,54118.8,237.5,,,0.0,0.0,,,,,,0.0
2026-09-28T21:08:36Z,345.1,54118.8,235.1,,,0.0,0.0,,,,,,0.0
2026-09-28T21:08:41Z,350.1,54118.8,223.2,,,0.0,0.0,,,,,,0.0
2026-09-28T21:08:46Z,355.1,54118.8,225.6,,,0.0,0.0,,,,,,0.0
2026-09-28T21:08:51Z,360.1,54118.8,225.3,,,0.0,0.0,,,,,,0.0
2026-09-28T21:08:56Z,365.1,54118.8,226.3,,,0.0,0.0,,,,,,0.0
2026-09-28T21:09:01Z,370.1,54118.8,228.0,,,0.0,0.0,,,,,,0.0
2026-09-28T21:09:06Z,375.1,54118.8,225.2,,,0.0,0.0,,,,,,0.0
2026-09-28T21:09:11Z,380.1,54118.8,232.1,,,0.0,0.0,,,,,,0.0
2026-09-28T21:09:16Z,385.1,54118.8,232.3,,,0.0,0.0,,,,,,0.0
2026-09-28T21:09:21Z,390.1,54118.8,234.1,,,0.0,0.0,,,,,,0.0
2026-09-28T21:09:26Z,395.1,54118.8,230.9,,,0.0,0.0,,,,,,0.0
2026-09-28T21:09:31Z,400.1,54118.8,228.6,,,0.0,0.0,,,,,,0.0
2026-09-28T21:09:36Z,405.1,54118.8,210.6,,,0.0,0.0,,,,,,0.0
2026-09-28T21:09:41Z,410.1,54118.8,210.6,,,0.0,0.0,,,,,,0.0
2026-09-28T21:09:46Z,415.1,54118.8,210.7,,,0.0,0.0,,,,,,0.0
2026-09-28T21:09:51Z,420.1,54118.8,209.4,,,0.0,0.0,,,,,,0.0
2026-09-28T21:09:56Z,425.1,54118.8,213.0,,,0.0,0.0,,,,,,0.0
2026-09-28T21:10:01Z,430.1,54118.8,212.2,,,0.0,0.0,,,,,,0.0
2026-09-28T21:10:06Z,435.1,54118.8,211.9,,,0.0,0.0,,,,,,0.0
2026-09-28T21:10:11Z,440.1,54118.8,222.9,,,0.0,0.0,,,,,,0.0
2026-09-28T21:10:16Z,445.1,54118.8,223.1,,,0.0,0.0,,,,,,0.0
2026-09-28T21:10:21Z,450.1,54118.8,223.9,,,0.0,0.0,,,,,,0.0
2026-09-28T21:10:26Z,455.1,54118.8,219.0,,,0.0,0.0,,,,,,0.0
2026-09-28T21:10:31Z,460.1,54118.8,218.1,,,0.0,0.0,,,,,,0.0
2026-09-28T21:10:36Z,465.1,54118.8,212.6,,,0.0,0.0,,,,,,0.0
2026-09-28T21:10:41Z,470.1,54118.8,211.0,,,0.0,0.0,,,,,,0.0
2026-09-28T21:10:46Z,475.1,54118.8,211.4,,,0.0,0.0,,,,,,0.0
2026-09-28T21:10:51Z,480.1,54118.8,210.9,,,0.0,0.0,,,,,,0.0
2026-09-28T21:10:56Z,485.1,54118.8,211.7,,,0.0,0.0,,,,,,0.0
2026-09-28T21:11:01Z,490.1,54118.8,208.2,,,0.0,0.0,,,,,,0.0
2026-09-28T21:11:06Z,495.1,54118.8,206.3,,,0.0,0.0,,,,,,0.0
2026-09-28T21:11:11Z,500.1,54118.8,217.1,,,0.0,0.0,,,,,,0.0
2026-09-28T21:11:16Z,505.1,54118.8,215.9,,,0.0,0.0,,,,,,0.0
2026-09-28T21:11:21Z,510.1,54118.8,215.0,,,0.0,0.0,,,,,,0.0
2026-09-28T21:11:26Z,515.1,54118.8,206.3,,,0.0,0.0,,,,,,0.0
2026-09-28T21:11:31Z,520.1,54118.8,205.6,,,0.0,0.0,,,,,,0.0
2026-09-28T21:11:36Z,525.1,54118.8,204.7,,,0.0,0.0,,,,,,0.0
2026-09-28T21:11:41Z,530.1,54118.8,205.4,,,0.0,0.0,,,,,,0.0
2026-09-28T21:11:46Z,535.1,54118.8,206.4,,,0.0,0.0,,,,,,0.0
2026-09-28T21:11:51Z,540.1,54118.8,205.7,,,0.0,0.0,,,,,,0.0
2026-09-28T21:11:56Z,545.1,54118.8,205.2,,,0.0,0.0,,,,,,0.0
2026-09-28T21:12:01Z,550.1,54118.8,206.2,,,0.0,0.0,,,,,,0.0
2026-09-28T21:12:06Z,555.1,54118.8,205.6,,,0.0,0.0,,,,,,0.0
2026-09-28T21:12:11Z,560.1,54118.8,216.4,,,0.0,0.0,,,,,,0.0
2026-09-28T21:12:16Z,565.1,54118.8,216.3,,,0.0,0.0,,,,,,0.0
2026-09-28T21:12:21Z,570.1,54118.8,212.3,,,0.0,0.0,,,,,,0.0
2026-09-28T21:12:26Z,575.1,54118.8,196.2,,,0.0,0.0,,,,,,0.0
2026-09-28T21:12:31Z,580.1,54118.8,196.8,,,0.0,0.0,,,,,,0.0
2026-09-28T21:12:36Z,585.1,54118.8,206.2,,,0.0,0.0,,,,,,0.0
2026-09-28T21:12:41Z,590.1,54118.8,199.5,,,0.0,0.0,,,,,,0.0
2026-09-28T21:12:46Z,595.1,54118.8,193.5,,,0.0,0.0,,,,,,0.0
2026-09-28T21:12:51Z,600.1,54118.8,194.4,,,0.0,0.0,,,,,,0.0
2026-09-28T21:12:56Z,605.1,54118.8,443.4,,,0.0,0.0,,,,,,0.0
2026-09-28T21:13:01Z,610.2,54118.8,612.4,,,0.0,0.0,,,,,,0.0
2026-09-28T21:13:06Z,615.2,54118.8,406.1,,,0.0,0.0,,,,,,0.0
2026-09-28T21:13:11Z,620.2,54118.8,538.0,,,0.0,0.0,,,,,,0.0
2026-09-28T21:13:16Z,625.2,54118.8,626.5,,,0.0,0.0,,,,,,0.0
2026-09-28T21:13:21Z,630.2,54118.8,624.4,,,0.0,0.0,,,,,,0.0
2026-09-28T21:13:26Z,635.2,54118.8,526.4,,,0.0,0.0,,,,,,0.0
2026-09-28T21:13:31Z,640.2,54118.8,516.1,,,0.0,0.0,,,,,,0.0
2026-09-28T21:13:36Z,645.2,54118.8,490.2,,,0.0,0.0,,,,,,0.0
2026-09-28T21:13:41Z,650.2,54118.8,432.3,,,0.0,0.0,,,,,,0.0
2026-09-28T21:13:46Z,655.2,54118.8,431.8,,,0.0,0.0,,,,,,0.0
2026-09-28T21:13:51Z,660.2,54118.8,432.7,,,0.0,0.0,,,,,,0.0
2026-09-28T21:13:56Z,665.2,54118.8,411.1,,,0.0,0.0,,,,,,0.0
2026-09-28T21:14:01Z,670.2,54118.8,409.0,,,0.0,0.0,,,,,,0.0
2026-09-28T21:14:06Z,675.2,54118.8,388.5,,,0.0,0.0,,,,,,0.0
2026-09-28T21:14:11Z,680.2,54118.8,394.4,,,0.0,0.0,,,,,,0.0
2026-09-28T21:14:16Z,685.2,54118.8,394.4,,,0.0,0.0,,,,,,0.0
2026-09-28T21:14:21Z,690.2,54118.8,389.6,,,0.0,0.0,,,,,,0.0
2026-09-28T21:14:26Z,695.2,54118.8,377.2,,,0.0,0.0,,,,,,0.0
2026-09-28T21:14:31Z,700.2,54118.8,260.1,,,0.0,0.0,,,,,,0.0
2026-09-28T21:14:36Z,705.2,54118.8,589.8,,,0.0,0.0,,,,,,0.0
2026-09-28T21:14:41Z,710.2,54118.8,455.2,,,0.0,0.0,,,,,,0.0
2026-09-28T21:14:46Z,715.2,54118.8,472.2,,,0.0,0.0,,,,,,0.0
2026-09-28T21:14:51Z,720.2,54118.8,605.4,,,0.0,0.0,,,,,,0.0
2026-09-28T21:14:56Z,725.2,54118.8,605.2,,,0.0,0.0,,,,,,0.0
2026-09-28T21:15:01Z,730.2,54118.8,541.9,,,0.0,0.0,,,,,,0.0
2026-09-28T21:15:06Z,735.2,54118.8,461.4,,,0.0,0.0,,,,,,0.0
2026-09-28T21:15:11Z,740.2,54118.8,468.9,,,0.0,0.0,,,,,,0.0
2026-09-28T21:15:16Z,745.2,54118.8,468.9,,,0.0,0.0,,,,,,0.0
2026-09-28T21:15:21Z,750.2,54118.8,462.5,,,0.0,0.0,,,,,,0.0
2026-09-28T21:15:26Z,755.2,54118.8,417.8,,,0.0,0.0,,,,,,0.0
2026-09-28T21:15:31Z,760.2,54118.8,377.5,,,0.0,0.0,,,,,,0.0
2026-09-28T21:15:36Z,765.2,54118.8,382.6,,,0.0,0.0,,,,,,0.0
2026-09-28T21:15:41Z,770.2,54118.8,382.1,,,0.0,0.0,,,,,,0.0
2026-09-28T21:15:46Z,775.2,54118.8,367.9,,,0.0,0.0,,,,,,0.0
2026-09-28T21:15:51Z,780.2,54118.8,368.9,,,0.0,0.0,,,,,,0.0
2026-09-28T21:15:56Z,785.2,54118.8,357.0,,,0.0,0.0,,,,,,0.0
2026-09-28T21:16:01Z,790.2,54118.8,358.8,,,0.0,0.0,,,,,,0.0
2026-09-28T21:16:06Z,795.2,54118.8,471.3,,,0.0,0.0,,,,,,0.0
2026-09-28T21:16:11Z,800.2,54118.8,533.2,,,0.0,0.0,,,,,,0.0
2026-09-28T21:16:16Z,805.2,54118.8,411.0,,,0.0,0.0,,,,,,0.0
2026-09-28T21:16:21Z,810.2,54118.8,565.6,,,0.0,0.0,,,,,,0.0
2026-09-28T21:16:26Z,815.2,54118.8,649.3,,,0.0,0.0,,,,,,0.0
2026-09-28T21:16:31Z,820.2,54118.8,586.9,,,0.0,0.0,,,,,,0.0
2026-09-28T21:16:36Z,825.2,54118.8,566.1,,,0.0,0.0,,,,,,0.0
2026-09-28T21:16:41Z,830.2,54118.8,550.0,,,0.0,0.0,,,,,,0.0
2026-09-28T21:16:46Z,835.2,54118.8,538.5,,,0.0,0.0,,,,,,0.0
2026-09-28T21:16:51Z,840.2,54118.8,455.9,,,0.0,0.0,,,,,,0.0
2026-09-28T21:16:56Z,845.2,54118.8,424.1,,,0.0,0.0,,,,,,0.0
2026-09-28T21:17:01Z,850.2,54118.8,416.0,,,0.0,0.0,,,,,,0.0
2026-09-28T21:17:06Z,855.2,54118.8,416.4,,,0.0,0.0,,,,,,0.0
2026-09-28T21:17:11Z,860.3,54118.8,428.3,,,0.0,0.0,,,,,,0.0
2026-09-28T21:17:16Z,865.3,54118.8,414.5,,,0.0,0.0,,,,,,0.0
2026-09-28T21:17:21Z,870.3,54118.8,392.2,,,0.0,0.0,,,,,,0.0
2026-09-28T21:17:26Z,875.3,54118.8,388.8,,,0.0,0.0,,,,,,0.0
2026-09-28T21:17:31Z,880.3,54118.8,389.5,,,0.0,0.0,,,,,,0.0
2026-09-28T21:17:36Z,885.3,54118.8,389.8,,,0.0,0.0,,,,,,0.0
2026-09-28T21:17:41Z,890.3,54118.8,472.4,,,0.0,0.0,,,,,,0.0
2026-09-28T21:17:46Z,895.3,54118.8,431.5,,,0.0,0.0,,,,,,0.0
2026-09-28T21:17:51Z,900.3,54118.8,282.2,,,0.0,0.0,,,,,,0.0
2026-09-28T21:17:56Z,905.3,54118.8,616.4,,,0.0,0.0,,,,,,0.0
2026-09-28T21:18:01Z,910.3,54118.8,597.9,,,0.0,0.0,,,,,,0.0
2026-09-28T21:18:06Z,915.3,54118.8,572.2,,,0.0,0.0,,,,,,0.0
2026-09-28T21:18:11Z,920.3,54118.8,542.1,,,0.0,0.0,,,,,,0.0
2026-09-28T21:18:16Z,925.3,54118.8,455.5,,,0.0,0.0,,,,,,0.0
2026-09-28T21:18:21Z,930.3,54118.8,454.8,,,0.0,0.0,,,,,,0.0
2026-09-28T21:18:26Z,935.3,54118.8,425.0,,,0.0,0.0,,,,,,0.0
2026-09-28T21:18:31Z,940.3,54118.8,415.2,,,0.0,0.0,,,,,,0.0
2026-09-28T21:18:36Z,945.3,54118.8,418.8,,,0.0,0.0,,,,,,0.0
2026-09-28T21:18:41Z,950.3,54118.8,400.6,,,0.0,0.0,,,,,,0.0
2026-09-28T21:18:46Z,955.3,54118.8,400.4,,,0.0,0.0,,,,,,0.0
2026-09-28T21:18:51Z,960.3,54118.8,405.1,,,0.0,0.0,,,,,,0.0
2026-09-28T21:18:56Z,965.3,54118.8,391.0,,,0.0,0.0,,,,,,0.0
2026-09-28T21:19:01Z,970.3,54118.8,391.2,,,0.0,0.0,,,,,,0.0
2026-09-28T21:19:06Z,975.3,54118.8,391.4,,,0.0,0.0,,,,,,0.0
2026-09-28T21:19:11Z,980.3,54118.8,386.0,,,0.0,0.0,,,,,,0.0
2026-09-28T21:19:16Z,985.3,54118.8,379.0,,,0.0,0.0,,,,,,0.0
2026-09-28T21:19:21Z,990.3,54118.8,435.6,,,0.0,0.0,,,,,,0.0
2026-09-28T21:19:26Z,995.3,54118.8,253.2,,,0.0,0.0,,,,,,0.0
2026-09-28T21:19:31Z,1000.3,54118.8,644.6,,,0.0,0.0,,,,,,0.0
2026-09-28T21:19:37Z,1005.3,54118.8,524.7,,,0.0,0.0,,,,,,0.0
2026-09-28T21:19:42Z,1010.3,54118.8,494.8,,,0.0,0.0,,,,,,0.0
2026-09-28T21:19:47Z,1015.3,54118.8,489.4,,,0.0,0.0,,,,,,0.0
2026-09-28T21:19:52Z,1020.3,54118.8,487.2,,,0.0,0.0,,,,,,0.0
2026-09-28T21:19:57Z,1025.3,54118.8,448.3,,,0.0,0.0,,,,,,0.0
2026-09-28T21:20:02Z,1030.3,54118.8,411.0,,,0.0,0.0,,,,,,0.0
2026-09-28T21:20:07Z,1035.3,54118.8,401.4,,,0.0,0.0,,,,,,0.0
2026-09-28T21:20:12Z,1040.3,54118.8,410.3,,,0.0,0.0,,,,,,0.0
2026-09-28T21:20:17Z,1045.3,54118.8,411.2,,,0.0,0.0,,,,,,0.0
2026-09-28T21:20:22Z,1050.3,54118.8,415.0,,,0.0,0.0,,,,,,0.0
2026-09-28T21:20:27Z,1055.3,54118.8,385.1,,,0.0,0.0,,,,,,0.0
