SeLockMemoryPrivilege: ENABLED -- SeLockMemoryPrivilege enabled on this process's token
AWE chunk: requested 524288 pages, got 524288. held_mb=2048.0 avail_mb=45164.6
AWE chunk: requested 524288 pages, got 524288. held_mb=4096.0 avail_mb=43111.9
AWE chunk: requested 524288 pages, got 524288. held_mb=6144.0 avail_mb=41070.0
AWE chunk: requested 524288 pages, got 524288. held_mb=8192.0 avail_mb=39019.4
AWE chunk: requested 524288 pages, got 524288. held_mb=10240.0 avail_mb=36967.9
AWE chunk: requested 524288 pages, got 524288. held_mb=12288.0 avail_mb=34915.7
AWE chunk: requested 524288 pages, got 524288. held_mb=14336.0 avail_mb=32862.6
AWE chunk: requested 524288 pages, got 524288. held_mb=16384.0 avail_mb=30811.4
AWE chunk: requested 524288 pages, got 524288. held_mb=18432.0 avail_mb=28758.7
AWE chunk: requested 524288 pages, got 524288. held_mb=20480.0 avail_mb=26706.1
AWE chunk: requested 524288 pages, got 524288. held_mb=22528.0 avail_mb=24652.3
AWE chunk: requested 524288 pages, got 524288. held_mb=24576.0 avail_mb=22598.5
AWE chunk: requested 524288 pages, got 524288. held_mb=26624.0 avail_mb=20548.2
AWE chunk: requested 524288 pages, got 524288. held_mb=28672.0 avail_mb=18496.0
AWE chunk: requested 524288 pages, got 524288. held_mb=30720.0 avail_mb=16443.6
AWE chunk: requested 524288 pages, got 524288. held_mb=32768.0 avail_mb=14389.3
AWE chunk: requested 100469 pages, got 100469. held_mb=33160.5 avail_mb=12337.2
TARGET REACHED (or best effort). mechanism=AWE held_mb=33160.5 available_mb=11943.8 target_available_mb=11944.740600585938
2026-10-05T01:24:36Z,0.0,33160.5,11943.8,,,0.0,0.0,,,,,,0.0
2026-10-05T01:24:41Z,5.0,33160.5,11938.4,,,0.0,0.0,,,,,,0.0
2026-10-05T01:24:46Z,10.0,33160.5,11937.6,,,0.0,0.0,,,,,,0.0
2026-10-05T01:24:51Z,15.0,33160.5,11936.3,,,0.0,0.0,,,,,,0.0
2026-10-05T01:24:56Z,20.0,33160.5,11931.1,,,0.0,0.0,,,,,,0.0
2026-10-05T01:25:01Z,25.0,33160.5,10014.5,,,0.0,0.0,,,,,,0.0
2026-10-05T01:25:06Z,30.0,33160.5,10015.4,,,0.0,0.0,,,,,,0.0
2026-10-05T01:25:11Z,35.0,33160.5,10014.0,,,0.0,0.0,,,,,,0.0
2026-10-05T01:25:16Z,40.0,33160.5,10012.9,,,0.0,0.0,,,,,,0.0
2026-10-05T01:25:21Z,45.0,33160.5,10013.5,,,0.0,0.0,,,,,,0.0
2026-10-05T01:25:26Z,50.0,33160.5,10013.2,,,0.0,0.0,,,,,,0.0
2026-10-05T01:25:31Z,55.0,33160.5,10015.2,,,0.0,0.0,,,,,,0.0
2026-10-05T01:25:36Z,60.0,33160.5,10018.2,,,0.0,0.0,,,,,,0.0
2026-10-05T01:25:41Z,65.0,33160.5,10019.0,,,0.0,0.0,,,,,,0.0
2026-10-05T01:25:46Z,70.0,33160.5,10019.1,,,0.0,0.0,,,,,,0.0
2026-10-05T01:25:51Z,75.0,33160.5,10020.2,,,0.0,0.0,,,,,,0.0
2026-10-05T01:25:56Z,80.0,33160.5,10015.5,,,0.0,0.0,,,,,,0.0
2026-10-05T01:26:01Z,85.0,33160.5,10014.0,,,0.0,0.0,,,,,,0.0
2026-10-05T01:26:06Z,90.0,33160.5,11933.1,,,0.0,0.0,,,,,,0.0
2026-10-05T01:26:11Z,95.0,33160.5,11932.3,,,0.0,0.0,,,,,,0.0
2026-10-05T01:26:16Z,100.0,33160.5,11933.1,,,0.0,0.0,,,,,,0.0
2026-10-05T01:26:21Z,105.0,33160.5,11932.7,,,0.0,0.0,,,,,,0.0
2026-10-05T01:26:26Z,110.0,33160.5,11934.8,,,0.0,0.0,,,,,,0.0
2026-10-05T01:26:31Z,115.0,33160.5,11934.6,,,0.0,0.0,,,,,,0.0
2026-10-05T01:26:36Z,120.0,33160.5,11936.7,,,0.0,0.0,,,,,,0.0
2026-10-05T01:26:41Z,125.0,33160.5,11937.5,,,0.0,0.0,,,,,,0.0
2026-10-05T01:26:46Z,130.0,33160.5,11935.4,,,0.0,0.0,,,,,,0.0
2026-10-05T01:26:51Z,135.0,33160.5,11942.7,,,0.0,0.0,,,,,,0.0
2026-10-05T01:26:56Z,140.0,33160.5,11934.1,,,0.0,0.0,,,,,,0.0
2026-10-05T01:27:01Z,145.0,33160.5,11938.3,,,0.0,0.0,,,,,,0.0
2026-10-05T01:27:06Z,150.0,33160.5,11940.1,,,0.0,0.0,,,,,,0.0
2026-10-05T01:27:11Z,155.0,33160.5,11941.1,,,0.0,0.0,,,,,,0.0
2026-10-05T01:27:16Z,160.0,33160.5,11940.6,,,0.0,0.0,,,,,,0.0
2026-10-05T01:27:21Z,165.0,33160.5,10037.3,,,0.0,0.0,,,,,,0.0
2026-10-05T01:27:26Z,170.0,33160.5,10036.8,,,0.0,0.0,,,,,,0.0
2026-10-05T01:27:31Z,175.0,33160.5,10036.0,,,0.0,0.0,,,,,,0.0
2026-10-05T01:27:36Z,180.0,33160.5,10035.6,,,0.0,0.0,,,,,,0.0
2026-10-05T01:27:41Z,185.0,33160.5,10035.8,,,0.0,0.0,,,,,,0.0
2026-10-05T01:27:46Z,190.0,33160.5,10035.6,,,0.0,0.0,,,,,,0.0
2026-10-05T01:27:51Z,195.0,33160.5,10035.5,,,0.0,0.0,,,,,,0.0
2026-10-05T01:27:56Z,200.0,33160.5,10028.6,,,0.0,0.0,,,,,,0.0
2026-10-05T01:28:01Z,205.0,33160.5,10027.3,,,0.0,0.0,,,,,,0.0
2026-10-05T01:28:06Z,210.0,33160.5,10027.0,,,0.0,0.0,,,,,,0.0
2026-10-05T01:28:11Z,215.0,33160.5,10024.6,,,0.0,0.0,,,,,,0.0
2026-10-05T01:28:16Z,220.0,33160.5,10023.8,,,0.0,0.0,,,,,,0.0
2026-10-05T01:28:21Z,225.0,33160.5,10023.9,,,0.0,0.0,,,,,,0.0
2026-10-05T01:28:26Z,230.0,33160.5,11940.3,,,0.0,0.0,,,,,,0.0
2026-10-05T01:28:31Z,235.0,33160.5,11939.8,,,0.0,0.0,,,,,,0.0
2026-10-05T01:28:36Z,240.0,33160.5,11942.1,,,0.0,0.0,,,,,,0.0
2026-10-05T01:28:41Z,245.0,33160.5,11942.5,,,0.0,0.0,,,,,,0.0
2026-10-05T01:28:46Z,250.0,33160.5,11942.1,,,0.0,0.0,,,,,,0.0
2026-10-05T01:28:51Z,255.0,33160.5,11942.2,,,0.0,0.0,,,,,,0.0
2026-10-05T01:28:56Z,260.0,33160.5,11937.3,,,0.0,0.0,,,,,,0.0
2026-10-05T01:29:01Z,265.0,33160.5,11936.6,,,0.0,0.0,,,,,,0.0
2026-10-05T01:29:06Z,270.0,33160.5,11935.9,,,0.0,0.0,,,,,,0.0
2026-10-05T01:29:11Z,275.0,33160.5,11936.7,,,0.0,0.0,,,,,,0.0
2026-10-05T01:29:16Z,280.0,33160.5,11936.0,,,0.0,0.0,,,,,,0.0
2026-10-05T01:29:21Z,285.0,33160.5,11929.6,,,0.0,0.0,,,,,,0.0
2026-10-05T01:29:26Z,290.0,33160.5,11936.9,,,0.0,0.0,,,,,,0.0
2026-10-05T01:29:31Z,295.1,33160.5,11937.2,,,0.0,0.0,,,,,,0.0
2026-10-05T01:29:36Z,300.1,33160.5,11938.2,,,0.0,0.0,,,,,,0.0
2026-10-05T01:29:41Z,305.1,33160.5,11939.7,,,0.0,0.0,,,,,,0.0
2026-10-05T01:29:46Z,310.1,33160.5,10030.2,,,0.0,0.0,,,,,,0.0
2026-10-05T01:29:51Z,315.1,33160.5,10030.0,,,0.0,0.0,,,,,,0.0
2026-10-05T01:29:56Z,320.1,33160.5,10022.0,,,0.0,0.0,,,,,,0.0
2026-10-05T01:30:01Z,325.1,33160.5,10020.6,,,0.0,0.0,,,,,,0.0
2026-10-05T01:30:06Z,330.1,33160.5,10021.2,,,0.0,0.0,,,,,,0.0
2026-10-05T01:30:11Z,335.1,33160.5,10022.8,,,0.0,0.0,,,,,,0.0
2026-10-05T01:30:16Z,340.1,33160.5,10021.0,,,0.0,0.0,,,,,,0.0
2026-10-05T01:30:21Z,345.1,33160.5,10021.9,,,0.0,0.0,,,,,,0.0
2026-10-05T01:30:26Z,350.1,33160.5,10023.2,,,0.0,0.0,,,,,,0.0
2026-10-05T01:30:31Z,355.1,33160.5,10021.7,,,0.0,0.0,,,,,,0.0
2026-10-05T01:30:36Z,360.1,33160.5,10024.7,,,0.0,0.0,,,,,,0.0
2026-10-05T01:30:41Z,365.1,33160.5,10025.5,,,0.0,0.0,,,,,,0.0
2026-10-05T01:30:46Z,370.1,33160.5,10024.8,,,0.0,0.0,,,,,,0.0
2026-10-05T01:30:51Z,375.1,33160.5,11942.2,,,0.0,0.0,,,,,,0.0
2026-10-05T01:30:56Z,380.1,33160.5,11938.1,,,0.0,0.0,,,,,,0.0
2026-10-05T01:31:01Z,385.1,33160.5,11920.8,,,0.0,0.0,,,,,,0.0
2026-10-05T01:31:06Z,390.1,33160.5,11922.4,,,0.0,0.0,,,,,,0.0
2026-10-05T01:31:11Z,395.1,33160.5,11933.4,,,0.0,0.0,,,,,,0.0
2026-10-05T01:31:16Z,400.1,33160.5,11934.8,,,0.0,0.0,,,,,,0.0
2026-10-05T01:31:21Z,405.1,33160.5,11927.5,,,0.0,0.0,,,,,,0.0
2026-10-05T01:31:26Z,410.1,33160.5,11929.3,,,0.0,0.0,,,,,,0.0
2026-10-05T01:31:31Z,415.1,33160.5,11927.8,,,0.0,0.0,,,,,,0.0
2026-10-05T01:31:36Z,420.1,33160.5,11928.0,,,0.0,0.0,,,,,,0.0
2026-10-05T01:31:41Z,425.1,33160.5,11924.6,,,0.0,0.0,,,,,,0.0
