SeLockMemoryPrivilege: ENABLED -- SeLockMemoryPrivilege enabled on this process's token
AWE chunk: requested 524288 pages, got 524288. held_mb=2048.0 avail_mb=46024.0
AWE chunk: requested 524288 pages, got 524288. held_mb=4096.0 avail_mb=43976.1
AWE chunk: requested 524288 pages, got 524288. held_mb=6144.0 avail_mb=41928.0
AWE chunk: requested 524288 pages, got 524288. held_mb=8192.0 avail_mb=39874.3
AWE chunk: requested 524288 pages, got 524288. held_mb=10240.0 avail_mb=37820.9
AWE chunk: requested 524288 pages, got 524288. held_mb=12288.0 avail_mb=35767.0
AWE chunk: requested 524288 pages, got 524288. held_mb=14336.0 avail_mb=33713.0
AWE chunk: requested 524288 pages, got 524288. held_mb=16384.0 avail_mb=31651.0
AWE chunk: requested 524288 pages, got 524288. held_mb=18432.0 avail_mb=29611.0
AWE chunk: requested 524288 pages, got 524288. held_mb=20480.0 avail_mb=27557.7
AWE chunk: requested 524288 pages, got 524288. held_mb=22528.0 avail_mb=25506.3
AWE chunk: requested 524288 pages, got 524288. held_mb=24576.0 avail_mb=23454.1
AWE chunk: requested 524288 pages, got 524288. held_mb=26624.0 avail_mb=21402.6
AWE chunk: requested 524288 pages, got 524288. held_mb=28672.0 avail_mb=19349.8
AWE chunk: requested 319257 pages, got 319257. held_mb=29919.1 avail_mb=17338.0
TARGET REACHED (or best effort). mechanism=AWE held_mb=29919.1 available_mb=16145.2 target_available_mb=16090.867980957031
2026-10-04T20:22:14Z,0.0,29919.1,16145.2,,,0.0,0.0,,,,,,0.0
2026-10-04T20:22:19Z,5.0,29919.1,16339.9,,,0.0,0.0,,,,,,0.0
2026-10-04T20:22:24Z,10.0,29919.1,16362.4,,,0.0,0.0,,,,,,0.0
2026-10-04T20:22:29Z,15.0,29919.1,16390.7,,,0.0,0.0,,,,,,0.0
2026-10-04T20:22:34Z,20.0,29919.1,16394.9,,,0.0,0.0,,,,,,0.0
2026-10-04T20:22:39Z,25.0,29919.1,16447.9,,,0.0,0.0,,,,,,0.0
2026-10-04T20:22:44Z,30.0,29919.1,16452.1,,,0.0,0.0,,,,,,0.0
2026-10-04T20:22:49Z,35.0,29919.1,16462.9,,,0.0,0.0,,,,,,0.0
2026-10-04T20:22:54Z,40.0,29919.1,16463.4,,,0.0,0.0,,,,,,0.0
2026-10-04T20:22:59Z,45.0,29919.1,16448.9,,,0.0,0.0,,,,,,0.0
2026-10-04T20:23:04Z,50.0,29919.1,16476.8,,,0.0,0.0,,,,,,0.0
2026-10-04T20:23:09Z,55.0,29919.1,16460.4,,,0.0,0.0,,,,,,0.0
2026-10-04T20:23:14Z,60.0,29919.1,16451.8,,,0.0,0.0,,,,,,0.0
2026-10-04T20:23:19Z,65.0,29919.1,16479.7,,,0.0,0.0,,,,,,0.0
2026-10-04T20:23:24Z,70.0,29919.1,16475.2,,,0.0,0.0,,,,,,0.0
2026-10-04T20:23:29Z,75.0,29919.1,16483.1,,,0.0,0.0,,,,,,0.0
2026-10-04T20:23:34Z,80.0,29919.1,16531.8,,,0.0,0.0,,,,,,0.0
2026-10-04T20:23:39Z,85.0,29919.1,16492.1,,,0.0,0.0,,,,,,0.0
2026-10-04T20:23:44Z,90.0,29919.1,16533.4,,,0.0,0.0,,,,,,0.0
2026-10-04T20:23:49Z,95.0,29919.1,16423.2,,,0.0,0.0,,,,,,0.0
2026-10-04T20:23:54Z,100.0,29919.1,16360.7,,,0.0,0.0,,,,,,0.0
2026-10-04T20:23:59Z,105.0,29919.1,16350.9,,,0.0,0.0,,,,,,0.0
2026-10-04T20:24:04Z,110.0,29919.1,16397.9,,,0.0,0.0,,,,,,0.0
2026-10-04T20:24:09Z,115.0,29919.1,14686.2,,,0.0,0.0,,,,,,0.0
2026-10-04T20:24:14Z,120.0,29919.1,14760.2,,,0.0,0.0,,,,,,0.0
2026-10-04T20:24:19Z,125.0,29919.1,14757.5,,,0.0,0.0,,,,,,0.0
2026-10-04T20:24:24Z,130.0,29919.1,14751.0,,,0.0,0.0,,,,,,0.0
2026-10-04T20:24:29Z,135.0,29919.1,14755.0,,,0.0,0.0,,,,,,0.0
2026-10-04T20:24:34Z,140.0,29919.1,14760.8,,,0.0,0.0,,,,,,0.0
2026-10-04T20:24:39Z,145.0,29919.1,14789.7,,,0.0,0.0,,,,,,0.0
2026-10-04T20:24:44Z,150.0,29919.1,14774.5,,,0.0,0.0,,,,,,0.0
2026-10-04T20:24:49Z,155.0,29919.1,14757.2,,,0.0,0.0,,,,,,0.0
2026-10-04T20:24:54Z,160.0,29919.1,14766.6,,,0.0,0.0,,,,,,0.0
2026-10-04T20:24:59Z,165.0,29919.1,14743.0,,,0.0,0.0,,,,,,0.0
2026-10-04T20:25:04Z,170.0,29919.1,16463.7,,,0.0,0.0,,,,,,0.0
2026-10-04T20:25:09Z,175.0,29919.1,16454.3,,,0.0,0.0,,,,,,0.0
2026-10-04T20:25:14Z,180.0,29919.1,16458.6,,,0.0,0.0,,,,,,0.0
2026-10-04T20:25:19Z,185.0,29919.1,16478.5,,,0.0,0.0,,,,,,0.0
2026-10-04T20:25:24Z,190.0,29919.1,16479.0,,,0.0,0.0,,,,,,0.0
2026-10-04T20:25:29Z,195.0,29919.1,16478.3,,,0.0,0.0,,,,,,0.0
2026-10-04T20:25:34Z,200.0,29919.1,16385.1,,,0.0,0.0,,,,,,0.0
2026-10-04T20:25:39Z,205.0,29919.1,16233.4,,,0.0,0.0,,,,,,0.0
2026-10-04T20:25:44Z,210.0,29919.1,16188.0,,,0.0,0.0,,,,,,0.0
2026-10-04T20:25:49Z,215.0,29919.1,16163.2,,,0.0,0.0,,,,,,0.0
2026-10-04T20:25:54Z,220.0,29919.1,16469.3,,,0.0,0.0,,,,,,0.0
2026-10-04T20:25:59Z,225.0,29919.1,16514.2,,,0.0,0.0,,,,,,0.0
2026-10-04T20:26:04Z,230.0,29919.1,14836.4,,,0.0,0.0,,,,,,0.0
2026-10-04T20:26:09Z,235.0,29919.1,14836.0,,,0.0,0.0,,,,,,0.0
2026-10-04T20:26:14Z,240.0,29919.1,14838.1,,,0.0,0.0,,,,,,0.0
2026-10-04T20:26:19Z,245.0,29919.1,14838.5,,,0.0,0.0,,,,,,0.0
2026-10-04T20:26:24Z,250.0,29919.1,14862.2,,,0.0,0.0,,,,,,0.0
2026-10-04T20:26:29Z,255.0,29919.1,14871.1,,,0.0,0.0,,,,,,0.0
2026-10-04T20:26:34Z,260.0,29919.1,14875.6,,,0.0,0.0,,,,,,0.0
2026-10-04T20:26:39Z,265.0,29919.1,14876.3,,,0.0,0.0,,,,,,0.0
2026-10-04T20:26:44Z,270.0,29919.1,14880.6,,,0.0,0.0,,,,,,0.0
2026-10-04T20:26:49Z,275.0,29919.1,14930.7,,,0.0,0.0,,,,,,0.0
2026-10-04T20:26:54Z,280.0,29919.1,16402.1,,,0.0,0.0,,,,,,0.0
2026-10-04T20:26:59Z,285.0,29919.1,17974.2,,,0.0,0.0,,,,,,0.0
2026-10-04T20:27:04Z,290.0,29919.1,17978.4,,,0.0,0.0,,,,,,0.0
2026-10-04T20:27:09Z,295.0,29919.1,17961.3,,,0.0,0.0,,,,,,0.0
2026-10-04T20:27:14Z,300.0,29919.1,17919.4,,,0.0,0.0,,,,,,0.0
2026-10-04T20:27:19Z,305.0,29919.1,17919.6,,,0.0,0.0,,,,,,0.0
2026-10-04T20:27:24Z,310.0,29919.1,17910.8,,,0.0,0.0,,,,,,0.0
2026-10-04T20:27:29Z,315.0,29919.1,17914.8,,,0.0,0.0,,,,,,0.0
2026-10-04T20:27:34Z,320.0,29919.1,18002.1,,,0.0,0.0,,,,,,0.0
2026-10-04T20:27:39Z,325.0,29919.1,18026.0,,,0.0,0.0,,,,,,0.0
2026-10-04T20:27:44Z,330.0,29919.1,18029.1,,,0.0,0.0,,,,,,0.0
2026-10-04T20:27:49Z,335.0,29919.1,18020.8,,,0.0,0.0,,,,,,0.0
2026-10-04T20:27:54Z,340.0,29919.1,18019.5,,,0.0,0.0,,,,,,0.0
2026-10-04T20:27:59Z,345.1,29919.1,16293.1,,,0.0,0.0,,,,,,0.0
2026-10-04T20:28:04Z,350.1,29919.1,16291.9,,,0.0,0.0,,,,,,0.0
2026-10-04T20:28:09Z,355.1,29919.1,16308.7,,,0.0,0.0,,,,,,0.0
2026-10-04T20:28:14Z,360.1,29919.1,16310.5,,,0.0,0.0,,,,,,0.0
2026-10-04T20:28:19Z,365.1,29919.1,16358.3,,,0.0,0.0,,,,,,0.0
2026-10-04T20:28:24Z,370.1,29919.1,16357.6,,,0.0,0.0,,,,,,0.0
2026-10-04T20:28:29Z,375.1,29919.1,16374.2,,,0.0,0.0,,,,,,0.0
2026-10-04T20:28:34Z,380.1,29919.1,16375.8,,,0.0,0.0,,,,,,0.0
2026-10-04T20:28:39Z,385.1,29919.1,16375.5,,,0.0,0.0,,,,,,0.0
2026-10-04T20:28:44Z,390.1,29919.1,16376.9,,,0.0,0.0,,,,,,0.0
2026-10-04T20:28:49Z,395.1,29919.1,16384.6,,,0.0,0.0,,,,,,0.0
2026-10-04T20:28:54Z,400.1,29919.1,18105.9,,,0.0,0.0,,,,,,0.0
2026-10-04T20:28:59Z,405.1,29919.1,18107.5,,,0.0,0.0,,,,,,0.0
2026-10-04T20:29:04Z,410.1,29919.1,18118.0,,,0.0,0.0,,,,,,0.0
2026-10-04T20:29:09Z,415.1,29919.1,18120.3,,,0.0,0.0,,,,,,0.0
2026-10-04T20:29:14Z,420.1,29919.1,18123.1,,,0.0,0.0,,,,,,0.0
2026-10-04T20:29:19Z,425.1,29919.1,18118.0,,,0.0,0.0,,,,,,0.0
2026-10-04T20:29:24Z,430.1,29919.1,18117.3,,,0.0,0.0,,,,,,0.0
2026-10-04T20:29:29Z,435.1,29919.1,18113.9,,,0.0,0.0,,,,,,0.0
