SeLockMemoryPrivilege: ENABLED -- SeLockMemoryPrivilege enabled on this process's token
AWE chunk: requested 524288 pages, got 524288. held_mb=2048.0 avail_mb=61218.4
AWE chunk: requested 524288 pages, got 524288. held_mb=4096.0 avail_mb=59176.9
AWE chunk: requested 524288 pages, got 524288. held_mb=6144.0 avail_mb=57125.5
AWE chunk: requested 524288 pages, got 524288. held_mb=8192.0 avail_mb=55073.7
AWE chunk: requested 524288 pages, got 524288. held_mb=10240.0 avail_mb=53021.6
AWE chunk: requested 524288 pages, got 524288. held_mb=12288.0 avail_mb=50971.4
AWE chunk: requested 524288 pages, got 524288. held_mb=14336.0 avail_mb=48919.5
AWE chunk: requested 524288 pages, got 524288. held_mb=16384.0 avail_mb=46867.6
AWE chunk: requested 524288 pages, got 524288. held_mb=18432.0 avail_mb=44811.1
AWE chunk: requested 524288 pages, got 524288. held_mb=20480.0 avail_mb=42759.6
AWE chunk: requested 524288 pages, got 524288. held_mb=22528.0 avail_mb=40707.4
AWE chunk: requested 524288 pages, got 524288. held_mb=24576.0 avail_mb=38654.2
AWE chunk: requested 524288 pages, got 524288. held_mb=26624.0 avail_mb=36602.7
AWE chunk: requested 524288 pages, got 524288. held_mb=28672.0 avail_mb=34550.5
AWE chunk: requested 524288 pages, got 524288. held_mb=30720.0 avail_mb=32499.4
AWE chunk: requested 524288 pages, got 524288. held_mb=32768.0 avail_mb=30446.3
AWE chunk: requested 524288 pages, got 524288. held_mb=34816.0 avail_mb=28394.6
AWE chunk: requested 524288 pages, got 524288. held_mb=36864.0 avail_mb=26343.1
AWE chunk: requested 289021 pages, got 289021. held_mb=37993.0 avail_mb=24288.0
TARGET REACHED (or best effort). mechanism=AWE held_mb=37993.0 available_mb=23161.0 target_available_mb=23158.97
2026-10-01T00:49:04Z,0.0,37993.0,23160.9,,,0.0,0.0,,,,,,0.0
2026-10-01T00:49:09Z,5.0,37993.0,9730.5,,,0.0,0.0,,,,,,0.0
2026-10-01T00:49:14Z,10.0,37993.0,11760.9,,,0.0,0.0,,,,,,0.0
2026-10-01T00:49:19Z,15.0,37993.0,3712.8,,,0.0,0.0,,,,,,0.0
2026-10-01T00:49:24Z,20.0,37993.0,1964.9,,,0.0,0.0,,,,,,0.0
2026-10-01T00:49:29Z,25.0,37993.0,231.6,,,0.0,0.0,,,,,,0.0
2026-10-01T00:49:34Z,30.0,37993.0,606.4,,,0.0,0.0,,,,,,0.0
2026-10-01T00:49:39Z,35.0,37993.0,341.5,,,0.0,0.0,,,,,,0.0
2026-10-01T00:49:44Z,40.0,37993.0,174.7,,,0.0,0.0,,,,,,0.0
2026-10-01T00:49:49Z,45.0,37993.0,175.0,,,0.0,0.0,,,,,,0.0
2026-10-01T00:49:54Z,50.0,37993.0,174.9,,,0.0,0.0,,,,,,0.0
2026-10-01T00:49:59Z,55.0,37993.0,172.1,,,0.0,0.0,,,,,,0.0
2026-10-01T00:50:04Z,60.0,37993.0,174.9,,,0.0,0.0,,,,,,0.0
2026-10-01T00:50:09Z,65.0,37993.0,175.0,,,0.0,0.0,,,,,,0.0
2026-10-01T00:50:14Z,70.0,37993.0,169.8,,,0.0,0.0,,,,,,0.0
2026-10-01T00:50:19Z,75.0,37993.0,474.4,,,0.0,0.0,,,,,,0.0
2026-10-01T00:50:24Z,80.0,37993.0,307.2,,,0.0,0.0,,,,,,0.0
2026-10-01T00:50:29Z,85.0,37993.0,335.4,,,0.0,0.0,,,,,,0.0
2026-10-01T00:50:34Z,90.0,37993.0,273.4,,,0.0,0.0,,,,,,0.0
2026-10-01T00:50:39Z,95.0,37993.0,284.3,,,0.0,0.0,,,,,,0.0
2026-10-01T00:50:44Z,100.0,37993.0,231.3,,,0.0,0.0,,,,,,0.0
2026-10-01T00:50:49Z,105.0,37993.0,484.0,,,0.0,0.0,,,,,,0.0
2026-10-01T00:50:54Z,110.0,37993.0,493.3,,,0.0,0.0,,,,,,0.0
2026-10-01T00:50:59Z,115.0,37993.0,531.8,,,0.0,0.0,,,,,,0.0
2026-10-01T00:51:04Z,120.0,37993.0,424.2,,,0.0,0.0,,,,,,0.0
2026-10-01T00:51:09Z,125.0,37993.0,397.6,,,0.0,0.0,,,,,,0.0
2026-10-01T00:51:14Z,130.0,37993.0,501.7,,,0.0,0.0,,,,,,0.0
2026-10-01T00:51:19Z,135.0,37993.0,570.0,,,0.0,0.0,,,,,,0.0
2026-10-01T00:51:24Z,140.0,37993.0,456.5,,,0.0,0.0,,,,,,0.0
2026-10-01T00:51:29Z,145.0,37993.0,504.3,,,0.0,0.0,,,,,,0.0
2026-10-01T00:51:34Z,150.0,37993.0,427.9,,,0.0,0.0,,,,,,0.0
2026-10-01T00:51:39Z,155.0,37993.0,408.6,,,0.0,0.0,,,,,,0.0
2026-10-01T00:51:44Z,160.0,37993.0,496.6,,,0.0,0.0,,,,,,0.0
2026-10-01T00:51:49Z,165.0,37993.0,504.1,,,0.0,0.0,,,,,,0.0
2026-10-01T00:51:54Z,170.0,37993.0,474.5,,,0.0,0.0,,,,,,0.0
2026-10-01T00:51:59Z,175.0,37993.0,425.4,,,0.0,0.0,,,,,,0.0
2026-10-01T00:52:04Z,180.0,37993.0,523.3,,,0.0,0.0,,,,,,0.0
2026-10-01T00:52:09Z,185.0,37993.0,524.4,,,0.0,0.0,,,,,,0.0
2026-10-01T00:52:14Z,190.0,37993.0,496.3,,,0.0,0.0,,,,,,0.0
2026-10-01T00:52:19Z,195.0,37993.0,448.8,,,0.0,0.0,,,,,,0.0
2026-10-01T00:52:24Z,200.0,37993.0,483.2,,,0.0,0.0,,,,,,0.0
2026-10-01T00:52:29Z,205.0,37993.0,418.2,,,0.0,0.0,,,,,,0.0
2026-10-01T00:52:34Z,210.0,37993.0,487.7,,,0.0,0.0,,,,,,0.0
2026-10-01T00:52:39Z,215.0,37993.0,458.0,,,0.0,0.0,,,,,,0.0
2026-10-01T00:52:44Z,220.0,37993.0,441.4,,,0.0,0.0,,,,,,0.0
2026-10-01T00:52:49Z,225.1,37993.0,374.9,,,0.0,0.0,,,,,,0.0
2026-10-01T00:52:54Z,230.1,37993.0,287.6,,,0.0,0.0,,,,,,0.0
2026-10-01T00:52:59Z,235.1,37993.0,590.6,,,0.0,0.0,,,,,,0.0
2026-10-01T00:53:04Z,240.1,37993.0,323.5,,,0.0,0.0,,,,,,0.0
2026-10-01T00:53:09Z,245.1,37993.0,431.2,,,0.0,0.0,,,,,,0.0
2026-10-01T00:53:14Z,250.1,37993.0,447.3,,,0.0,0.0,,,,,,0.0
2026-10-01T00:53:19Z,255.1,37993.0,523.2,,,0.0,0.0,,,,,,0.0
2026-10-01T00:53:24Z,260.1,37993.0,398.5,,,0.0,0.0,,,,,,0.0
2026-10-01T00:53:29Z,265.1,37993.0,421.8,,,0.0,0.0,,,,,,0.0
2026-10-01T00:53:34Z,270.1,37993.0,449.7,,,0.0,0.0,,,,,,0.0
2026-10-01T00:53:39Z,275.1,37993.0,423.0,,,0.0,0.0,,,,,,0.0
2026-10-01T00:53:44Z,280.1,37993.0,544.8,,,0.0,0.0,,,,,,0.0
2026-10-01T00:53:49Z,285.1,37993.0,447.1,,,0.0,0.0,,,,,,0.0
2026-10-01T00:53:54Z,290.1,37993.0,405.6,,,0.0,0.0,,,,,,0.0
2026-10-01T00:53:59Z,295.1,37993.0,443.3,,,0.0,0.0,,,,,,0.0
2026-10-01T00:54:04Z,300.1,37993.0,463.0,,,0.0,0.0,,,,,,0.0
2026-10-01T00:54:09Z,305.1,37993.0,591.9,,,0.0,0.0,,,,,,0.0
2026-10-01T00:54:14Z,310.1,37993.0,547.8,,,0.0,0.0,,,,,,0.0
2026-10-01T00:54:19Z,315.1,37993.0,354.2,,,0.0,0.0,,,,,,0.0
2026-10-01T00:54:24Z,320.1,37993.0,542.8,,,0.0,0.0,,,,,,0.0
2026-10-01T00:54:29Z,325.1,37993.0,451.7,,,0.0,0.0,,,,,,0.0
2026-10-01T00:54:34Z,330.1,37993.0,514.1,,,0.0,0.0,,,,,,0.0
2026-10-01T00:54:39Z,335.1,37993.0,439.4,,,0.0,0.0,,,,,,0.0
2026-10-01T00:54:44Z,340.1,37993.0,600.7,,,0.0,0.0,,,,,,0.0
2026-10-01T00:54:49Z,345.1,37993.0,573.8,,,0.0,0.0,,,,,,0.0
2026-10-01T00:54:54Z,350.1,37993.0,462.1,,,0.0,0.0,,,,,,0.0
2026-10-01T00:54:59Z,355.1,37993.0,461.4,,,0.0,0.0,,,,,,0.0
2026-10-01T00:55:04Z,360.1,37993.0,629.1,,,0.0,0.0,,,,,,0.0
2026-10-01T00:55:09Z,365.1,37993.0,326.5,,,0.0,0.0,,,,,,0.0
2026-10-01T00:55:14Z,370.1,37993.0,447.1,,,0.0,0.0,,,,,,0.0
2026-10-01T00:55:19Z,375.1,37993.0,442.0,,,0.0,0.0,,,,,,0.0
2026-10-01T00:55:24Z,380.1,37993.0,526.2,,,0.0,0.0,,,,,,0.0
2026-10-01T00:55:29Z,385.1,37993.0,446.7,,,0.0,0.0,,,,,,0.0
2026-10-01T00:55:34Z,390.1,37993.0,622.2,,,0.0,0.0,,,,,,0.0
2026-10-01T00:55:39Z,395.1,37993.0,371.1,,,0.0,0.0,,,,,,0.0
2026-10-01T00:55:44Z,400.1,37993.0,466.1,,,0.0,0.0,,,,,,0.0
2026-10-01T00:55:49Z,405.1,37993.0,483.1,,,0.0,0.0,,,,,,0.0
2026-10-01T00:55:54Z,410.1,37993.0,636.5,,,0.0,0.0,,,,,,0.0
2026-10-01T00:55:59Z,415.1,37993.0,391.5,,,0.0,0.0,,,,,,0.0
2026-10-01T00:56:04Z,420.1,37993.0,544.5,,,0.0,0.0,,,,,,0.0
2026-10-01T00:56:09Z,425.1,37993.0,494.2,,,0.0,0.0,,,,,,0.0
2026-10-01T00:56:14Z,430.1,37993.0,385.1,,,0.0,0.0,,,,,,0.0
2026-10-01T00:56:19Z,435.1,37993.0,426.7,,,0.0,0.0,,,,,,0.0
2026-10-01T00:56:24Z,440.1,37993.0,540.7,,,0.0,0.0,,,,,,0.0
2026-10-01T00:56:29Z,445.1,37993.0,479.7,,,0.0,0.0,,,,,,0.0
2026-10-01T00:56:34Z,450.1,37993.0,598.5,,,0.0,0.0,,,,,,0.0
2026-10-01T00:56:39Z,455.1,37993.0,492.1,,,0.0,0.0,,,,,,0.0
2026-10-01T00:56:44Z,460.1,37993.0,606.4,,,0.0,0.0,,,,,,0.0
2026-10-01T00:56:49Z,465.1,37993.0,400.4,,,0.0,0.0,,,,,,0.0
2026-10-01T00:56:54Z,470.1,37993.0,607.1,,,0.0,0.0,,,,,,0.0
2026-10-01T00:56:59Z,475.1,37993.0,466.3,,,0.0,0.0,,,,,,0.0
2026-10-01T00:57:04Z,480.1,37993.0,637.5,,,0.0,0.0,,,,,,0.0
2026-10-01T00:57:09Z,485.2,37993.0,315.8,,,0.0,0.0,,,,,,0.0
2026-10-01T00:57:14Z,490.2,37993.0,585.1,,,0.0,0.0,,,,,,0.0
2026-10-01T00:57:19Z,495.2,37993.0,633.2,,,0.0,0.0,,,,,,0.0
2026-10-01T00:57:24Z,500.2,37993.0,597.0,,,0.0,0.0,,,,,,0.0
2026-10-01T00:57:29Z,505.2,37993.0,578.0,,,0.0,0.0,,,,,,0.0
2026-10-01T00:57:34Z,510.2,37993.0,463.2,,,0.0,0.0,,,,,,0.0
2026-10-01T00:57:39Z,515.2,37993.0,498.9,,,0.0,0.0,,,,,,0.0
2026-10-01T00:57:44Z,520.2,37993.0,548.6,,,0.0,0.0,,,,,,0.0
2026-10-01T00:57:49Z,525.2,37993.0,486.3,,,0.0,0.0,,,,,,0.0
2026-10-01T00:57:54Z,530.2,37993.0,620.8,,,0.0,0.0,,,,,,0.0
2026-10-01T00:57:59Z,535.2,37993.0,392.5,,,0.0,0.0,,,,,,0.0
2026-10-01T00:58:04Z,540.2,37993.0,478.0,,,0.0,0.0,,,,,,0.0
2026-10-01T00:58:09Z,545.2,37993.0,470.5,,,0.0,0.0,,,,,,0.0
2026-10-01T00:58:14Z,550.2,37993.0,467.9,,,0.0,0.0,,,,,,0.0
2026-10-01T00:58:19Z,555.2,37993.0,418.2,,,0.0,0.0,,,,,,0.0
2026-10-01T00:58:24Z,560.2,37993.0,417.6,,,0.0,0.0,,,,,,0.0
2026-10-01T00:58:29Z,565.2,37993.0,635.1,,,0.0,0.0,,,,,,0.0
2026-10-01T00:58:34Z,570.2,37993.0,573.8,,,0.0,0.0,,,,,,0.0
2026-10-01T00:58:39Z,575.2,37993.0,428.1,,,0.0,0.0,,,,,,0.0
2026-10-01T00:58:44Z,580.2,37993.0,514.0,,,0.0,0.0,,,,,,0.0
2026-10-01T00:58:50Z,585.2,37993.0,366.1,,,0.0,0.0,,,,,,0.0
2026-10-01T00:58:55Z,590.2,37993.0,635.8,,,0.0,0.0,,,,,,0.0
2026-10-01T00:59:00Z,595.2,37993.0,481.1,,,0.0,0.0,,,,,,0.0
2026-10-01T00:59:05Z,600.2,37993.0,641.5,,,0.0,0.0,,,,,,0.0
2026-10-01T00:59:10Z,605.2,37993.0,492.3,,,0.0,0.0,,,,,,0.0
2026-10-01T00:59:15Z,610.2,37993.0,622.3,,,0.0,0.0,,,,,,0.0
2026-10-01T00:59:20Z,615.2,37993.0,369.7,,,0.0,0.0,,,,,,0.0
2026-10-01T00:59:25Z,620.2,37993.0,538.2,,,0.0,0.0,,,,,,0.0
2026-10-01T00:59:30Z,625.2,37993.0,376.5,,,0.0,0.0,,,,,,0.0
2026-10-01T00:59:35Z,630.2,37993.0,466.2,,,0.0,0.0,,,,,,0.0
2026-10-01T00:59:40Z,635.2,37993.0,378.2,,,0.0,0.0,,,,,,0.0
2026-10-01T00:59:45Z,640.2,37993.0,537.7,,,0.0,0.0,,,,,,0.0
2026-10-01T00:59:50Z,645.2,37993.0,372.2,,,0.0,0.0,,,,,,0.0
2026-10-01T00:59:55Z,650.2,37993.0,622.9,,,0.0,0.0,,,,,,0.0
2026-10-01T01:00:00Z,655.2,37993.0,390.6,,,0.0,0.0,,,,,,0.0
2026-10-01T01:00:05Z,660.2,37993.0,491.9,,,0.0,0.0,,,,,,0.0
2026-10-01T01:00:10Z,665.2,37993.0,500.5,,,0.0,0.0,,,,,,0.0
2026-10-01T01:00:15Z,670.2,37993.0,537.8,,,0.0,0.0,,,,,,0.0
2026-10-01T01:00:20Z,675.2,37993.0,354.7,,,0.0,0.0,,,,,,0.0
2026-10-01T01:00:25Z,680.2,37993.0,616.0,,,0.0,0.0,,,,,,0.0
2026-10-01T01:00:30Z,685.2,37993.0,368.7,,,0.0,0.0,,,,,,0.0
2026-10-01T01:00:35Z,690.2,37993.0,563.9,,,0.0,0.0,,,,,,0.0
2026-10-01T01:00:40Z,695.2,37993.0,483.7,,,0.0,0.0,,,,,,0.0
2026-10-01T01:00:45Z,700.2,37993.0,431.0,,,0.0,0.0,,,,,,0.0
2026-10-01T01:00:50Z,705.2,37993.0,479.0,,,0.0,0.0,,,,,,0.0
2026-10-01T01:00:55Z,710.2,37993.0,563.1,,,0.0,0.0,,,,,,0.0
2026-10-01T01:01:00Z,715.2,37993.0,506.7,,,0.0,0.0,,,,,,0.0
2026-10-01T01:01:05Z,720.2,37993.0,437.2,,,0.0,0.0,,,,,,0.0
2026-10-01T01:01:10Z,725.2,37993.0,423.7,,,0.0,0.0,,,,,,0.0
2026-10-01T01:01:15Z,730.2,37993.0,488.7,,,0.0,0.0,,,,,,0.0
2026-10-01T01:01:20Z,735.2,37993.0,451.8,,,0.0,0.0,,,,,,0.0
2026-10-01T01:01:25Z,740.2,37993.0,516.0,,,0.0,0.0,,,,,,0.0
2026-10-01T01:01:30Z,745.2,37993.0,489.7,,,0.0,0.0,,,,,,0.0
2026-10-01T01:01:35Z,750.2,37993.0,454.2,,,0.0,0.0,,,,,,0.0
2026-10-01T01:01:40Z,755.3,37993.0,319.5,,,0.0,0.0,,,,,,0.0
2026-10-01T01:01:45Z,760.3,37993.0,474.8,,,0.0,0.0,,,,,,0.0
2026-10-01T01:01:50Z,765.3,37993.0,395.9,,,0.0,0.0,,,,,,0.0
2026-10-01T01:01:55Z,770.3,37993.0,471.2,,,0.0,0.0,,,,,,0.0
2026-10-01T01:02:00Z,775.3,37993.0,375.1,,,0.0,0.0,,,,,,0.0
2026-10-01T01:02:05Z,780.3,37993.0,473.1,,,0.0,0.0,,,,,,0.0
2026-10-01T01:02:10Z,785.3,37993.0,454.7,,,0.0,0.0,,,,,,0.0
2026-10-01T01:02:15Z,790.3,37993.0,364.8,,,0.0,0.0,,,,,,0.0
2026-10-01T01:02:20Z,795.3,37993.0,506.1,,,0.0,0.0,,,,,,0.0
2026-10-01T01:02:25Z,800.3,37993.0,471.8,,,0.0,0.0,,,,,,0.0
2026-10-01T01:02:30Z,805.3,37993.0,434.1,,,0.0,0.0,,,,,,0.0
2026-10-01T01:02:35Z,810.3,37993.0,414.5,,,0.0,0.0,,,,,,0.0
2026-10-01T01:02:40Z,815.3,37993.0,464.9,,,0.0,0.0,,,,,,0.0
2026-10-01T01:02:45Z,820.3,37993.0,493.1,,,0.0,0.0,,,,,,0.0
2026-10-01T01:02:50Z,825.3,37993.0,424.3,,,0.0,0.0,,,,,,0.0
2026-10-01T01:02:55Z,830.3,37993.0,368.1,,,0.0,0.0,,,,,,0.0
2026-10-01T01:03:00Z,835.3,37993.0,504.5,,,0.0,0.0,,,,,,0.0
2026-10-01T01:03:05Z,840.3,37993.0,373.6,,,0.0,0.0,,,,,,0.0
2026-10-01T01:03:10Z,845.3,37993.0,483.8,,,0.0,0.0,,,,,,0.0
2026-10-01T01:03:15Z,850.3,37993.0,522.0,,,0.0,0.0,,,,,,0.0
2026-10-01T01:03:20Z,855.3,37993.0,342.0,,,0.0,0.0,,,,,,0.0
2026-10-01T01:03:25Z,860.3,37993.0,457.2,,,0.0,0.0,,,,,,0.0
2026-10-01T01:03:30Z,865.3,37993.0,479.7,,,0.0,0.0,,,,,,0.0
2026-10-01T01:03:35Z,870.3,37993.0,464.0,,,0.0,0.0,,,,,,0.0
2026-10-01T01:03:40Z,875.3,37993.0,441.5,,,0.0,0.0,,,,,,0.0
2026-10-01T01:03:45Z,880.3,37993.0,515.4,,,0.0,0.0,,,,,,0.0
2026-10-01T01:03:50Z,885.3,37993.0,441.6,,,0.0,0.0,,,,,,0.0
2026-10-01T01:03:55Z,890.3,37993.0,391.2,,,0.0,0.0,,,,,,0.0
2026-10-01T01:04:00Z,895.3,37993.0,498.6,,,0.0,0.0,,,,,,0.0
2026-10-01T01:04:05Z,900.3,37993.0,390.6,,,0.0,0.0,,,,,,0.0
2026-10-01T01:04:10Z,905.3,37993.0,468.9,,,0.0,0.0,,,,,,0.0
2026-10-01T01:04:15Z,910.3,37993.0,271.2,,,0.0,0.0,,,,,,0.0
2026-10-01T01:04:20Z,915.3,37993.0,445.9,,,0.0,0.0,,,,,,0.0
2026-10-01T01:04:25Z,920.3,37993.0,363.6,,,0.0,0.0,,,,,,0.0
2026-10-01T01:04:30Z,925.3,37993.0,456.3,,,0.0,0.0,,,,,,0.0
2026-10-01T01:04:35Z,930.3,37993.0,350.5,,,0.0,0.0,,,,,,0.0
2026-10-01T01:04:40Z,935.3,37993.0,540.4,,,0.0,0.0,,,,,,0.0
2026-10-01T01:04:45Z,940.3,37993.0,260.5,,,0.0,0.0,,,,,,0.0
2026-10-01T01:04:50Z,945.3,37993.0,580.9,,,0.0,0.0,,,,,,0.0
2026-10-01T01:04:55Z,950.3,37993.0,313.6,,,0.0,0.0,,,,,,0.0
2026-10-01T01:05:00Z,955.3,37993.0,462.7,,,0.0,0.0,,,,,,0.0
2026-10-01T01:05:05Z,960.3,37993.0,352.4,,,0.0,0.0,,,,,,0.0
2026-10-01T01:05:10Z,965.3,37993.0,510.8,,,0.0,0.0,,,,,,0.0
2026-10-01T01:05:15Z,970.3,37993.0,369.8,,,0.0,0.0,,,,,,0.0
2026-10-01T01:05:20Z,975.3,37993.0,354.0,,,0.0,0.0,,,,,,0.0
2026-10-01T01:05:25Z,980.3,37993.0,444.1,,,0.0,0.0,,,,,,0.0
2026-10-01T01:05:30Z,985.3,37993.0,522.6,,,0.0,0.0,,,,,,0.0
2026-10-01T01:05:35Z,990.3,37993.0,266.6,,,0.0,0.0,,,,,,0.0
2026-10-01T01:05:40Z,995.3,37993.0,576.5,,,0.0,0.0,,,,,,0.0
2026-10-01T01:05:45Z,1000.3,37993.0,425.9,,,0.0,0.0,,,,,,0.0
2026-10-01T01:05:50Z,1005.3,37993.0,351.1,,,0.0,0.0,,,,,,0.0
2026-10-01T01:05:55Z,1010.3,37993.0,460.2,,,0.0,0.0,,,,,,0.0
2026-10-01T01:06:00Z,1015.4,37993.0,343.6,,,0.0,0.0,,,,,,0.0
2026-10-01T01:06:05Z,1020.4,37993.0,497.1,,,0.0,0.0,,,,,,0.0
2026-10-01T01:06:10Z,1025.4,37993.0,427.0,,,0.0,0.0,,,,,,0.0
2026-10-01T01:06:15Z,1030.4,37993.0,469.4,,,0.0,0.0,,,,,,0.0
2026-10-01T01:06:20Z,1035.4,37993.0,440.9,,,0.0,0.0,,,,,,0.0
2026-10-01T01:06:25Z,1040.4,37993.0,469.5,,,0.0,0.0,,,,,,0.0
2026-10-01T01:06:30Z,1045.4,37993.0,532.9,,,0.0,0.0,,,,,,0.0
2026-10-01T01:06:35Z,1050.4,37993.0,460.6,,,0.0,0.0,,,,,,0.0
2026-10-01T01:06:40Z,1055.4,37993.0,504.6,,,0.0,0.0,,,,,,0.0
2026-10-01T01:06:45Z,1060.4,37993.0,428.3,,,0.0,0.0,,,,,,0.0
2026-10-01T01:06:50Z,1065.4,37993.0,482.4,,,0.0,0.0,,,,,,0.0
2026-10-01T01:06:55Z,1070.4,37993.0,418.5,,,0.0,0.0,,,,,,0.0
2026-10-01T01:07:00Z,1075.4,37993.0,395.1,,,0.0,0.0,,,,,,0.0
2026-10-01T01:07:05Z,1080.4,37993.0,479.1,,,0.0,0.0,,,,,,0.0
2026-10-01T01:07:10Z,1085.4,37993.0,511.4,,,0.0,0.0,,,,,,0.0
2026-10-01T01:07:15Z,1090.4,37993.0,456.8,,,0.0,0.0,,,,,,0.0
2026-10-01T01:07:20Z,1095.4,37993.0,403.9,,,0.0,0.0,,,,,,0.0
2026-10-01T01:07:25Z,1100.4,37993.0,425.1,,,0.0,0.0,,,,,,0.0
2026-10-01T01:07:30Z,1105.4,37993.0,581.2,,,0.0,0.0,,,,,,0.0
2026-10-01T01:07:35Z,1110.4,37993.0,435.6,,,0.0,0.0,,,,,,0.0
2026-10-01T01:07:40Z,1115.4,37993.0,578.3,,,0.0,0.0,,,,,,0.0
2026-10-01T01:07:45Z,1120.4,37993.0,445.4,,,0.0,0.0,,,,,,0.0
2026-10-01T01:07:50Z,1125.4,37993.0,486.8,,,0.0,0.0,,,,,,0.0
2026-10-01T01:07:55Z,1130.4,37993.0,549.3,,,0.0,0.0,,,,,,0.0
2026-10-01T01:08:00Z,1135.4,37993.0,481.6,,,0.0,0.0,,,,,,0.0
2026-10-01T01:08:05Z,1140.4,37993.0,489.4,,,0.0,0.0,,,,,,0.0
2026-10-01T01:08:10Z,1145.4,37993.0,469.4,,,0.0,0.0,,,,,,0.0
2026-10-01T01:08:15Z,1150.4,37993.0,581.4,,,0.0,0.0,,,,,,0.0
2026-10-01T01:08:20Z,1155.4,37993.0,525.9,,,0.0,0.0,,,,,,0.0
2026-10-01T01:08:25Z,1160.4,37993.0,436.0,,,0.0,0.0,,,,,,0.0
2026-10-01T01:08:30Z,1165.4,37993.0,484.1,,,0.0,0.0,,,,,,0.0
2026-10-01T01:08:35Z,1170.4,37993.0,545.0,,,0.0,0.0,,,,,,0.0
2026-10-01T01:08:40Z,1175.4,37993.0,437.6,,,0.0,0.0,,,,,,0.0
2026-10-01T01:08:45Z,1180.4,37993.0,547.4,,,0.0,0.0,,,,,,0.0
2026-10-01T01:08:50Z,1185.4,37993.0,503.2,,,0.0,0.0,,,,,,0.0
2026-10-01T01:08:55Z,1190.4,37993.0,460.2,,,0.0,0.0,,,,,,0.0
2026-10-01T01:09:00Z,1195.4,37993.0,434.9,,,0.0,0.0,,,,,,0.0
2026-10-01T01:09:05Z,1200.4,37993.0,546.3,,,0.0,0.0,,,,,,0.0
2026-10-01T01:09:10Z,1205.4,37993.0,590.9,,,0.0,0.0,,,,,,0.0
2026-10-01T01:09:15Z,1210.4,37993.0,567.8,,,0.0,0.0,,,,,,0.0
2026-10-01T01:09:20Z,1215.4,37993.0,434.6,,,0.0,0.0,,,,,,0.0
2026-10-01T01:09:25Z,1220.4,37993.0,465.5,,,0.0,0.0,,,,,,0.0
2026-10-01T01:09:30Z,1225.4,37993.0,403.1,,,0.0,0.0,,,,,,0.0
2026-10-01T01:09:35Z,1230.4,37993.0,613.4,,,0.0,0.0,,,,,,0.0
2026-10-01T01:09:40Z,1235.4,37993.0,559.4,,,0.0,0.0,,,,,,0.0
2026-10-01T01:09:45Z,1240.4,37993.0,499.1,,,0.0,0.0,,,,,,0.0
2026-10-01T01:09:50Z,1245.4,37993.0,381.3,,,0.0,0.0,,,,,,0.0
2026-10-01T01:09:55Z,1250.5,37993.0,542.5,,,0.0,0.0,,,,,,0.0
2026-10-01T01:10:00Z,1255.5,37993.0,555.0,,,0.0,0.0,,,,,,0.0
2026-10-01T01:10:05Z,1260.5,37993.0,528.5,,,0.0,0.0,,,,,,0.0
2026-10-01T01:10:10Z,1265.5,37993.0,392.3,,,0.0,0.0,,,,,,0.0
2026-10-01T01:10:15Z,1270.5,37993.0,586.9,,,0.0,0.0,,,,,,0.0
2026-10-01T01:10:20Z,1275.5,37993.0,411.0,,,0.0,0.0,,,,,,0.0
2026-10-01T01:10:25Z,1280.5,37993.0,500.9,,,0.0,0.0,,,,,,0.0
2026-10-01T01:10:30Z,1285.5,37993.0,543.9,,,0.0,0.0,,,,,,0.0
2026-10-01T01:10:35Z,1290.5,37993.0,384.5,,,0.0,0.0,,,,,,0.0
2026-10-01T01:10:40Z,1295.5,37993.0,502.0,,,0.0,0.0,,,,,,0.0
2026-10-01T01:10:45Z,1300.5,37993.0,487.6,,,0.0,0.0,,,,,,0.0
2026-10-01T01:10:50Z,1305.5,37993.0,522.5,,,0.0,0.0,,,,,,0.0
2026-10-01T01:10:55Z,1310.5,37993.0,513.7,,,0.0,0.0,,,,,,0.0
2026-10-01T01:11:00Z,1315.5,37993.0,591.5,,,0.0,0.0,,,,,,0.0
2026-10-01T01:11:05Z,1320.5,37993.0,184.0,,,0.0,0.0,,,,,,0.0
2026-10-01T01:11:10Z,1325.5,37993.0,320.6,,,0.0,0.0,,,,,,0.0
2026-10-01T01:11:15Z,1330.5,37993.0,578.3,,,0.0,0.0,,,,,,0.0
2026-10-01T01:11:20Z,1335.5,37993.0,431.7,,,0.0,0.0,,,,,,0.0
2026-10-01T01:11:25Z,1340.5,37993.0,342.5,,,0.0,0.0,,,,,,0.0
2026-10-01T01:11:30Z,1345.5,37993.0,416.2,,,0.0,0.0,,,,,,0.0
2026-10-01T01:11:35Z,1350.5,37993.0,492.9,,,0.0,0.0,,,,,,0.0
2026-10-01T01:11:40Z,1355.5,37993.0,571.2,,,0.0,0.0,,,,,,0.0
2026-10-01T01:11:45Z,1360.5,37993.0,466.6,,,0.0,0.0,,,,,,0.0
2026-10-01T01:11:50Z,1365.5,37993.0,473.9,,,0.0,0.0,,,,,,0.0
2026-10-01T01:11:55Z,1370.5,37993.0,434.8,,,0.0,0.0,,,,,,0.0
2026-10-01T01:12:00Z,1375.5,37993.0,553.5,,,0.0,0.0,,,,,,0.0
2026-10-01T01:12:05Z,1380.5,37993.0,465.4,,,0.0,0.0,,,,,,0.0
2026-10-01T01:12:10Z,1385.5,37993.0,628.9,,,0.0,0.0,,,,,,0.0
2026-10-01T01:12:15Z,1390.5,37993.0,549.2,,,0.0,0.0,,,,,,0.0
2026-10-01T01:12:20Z,1395.5,37993.0,470.0,,,0.0,0.0,,,,,,0.0
2026-10-01T01:12:25Z,1400.5,37993.0,470.5,,,0.0,0.0,,,,,,0.0
2026-10-01T01:12:30Z,1405.5,37993.0,462.6,,,0.0,0.0,,,,,,0.0
2026-10-01T01:12:35Z,1410.5,37993.0,433.7,,,0.0,0.0,,,,,,0.0
2026-10-01T01:12:40Z,1415.5,37993.0,635.7,,,0.0,0.0,,,,,,0.0
2026-10-01T01:12:45Z,1420.5,37993.0,375.4,,,0.0,0.0,,,,,,0.0
2026-10-01T01:12:50Z,1425.5,37993.0,596.6,,,0.0,0.0,,,,,,0.0
2026-10-01T01:12:55Z,1430.5,37993.0,465.6,,,0.0,0.0,,,,,,0.0
2026-10-01T01:13:00Z,1435.5,37993.0,623.7,,,0.0,0.0,,,,,,0.0
2026-10-01T01:13:05Z,1440.5,37993.0,611.6,,,0.0,0.0,,,,,,0.0
2026-10-01T01:13:10Z,1445.5,37993.0,427.2,,,0.0,0.0,,,,,,0.0
2026-10-01T01:13:15Z,1450.5,37993.0,547.3,,,0.0,0.0,,,,,,0.0
2026-10-01T01:13:20Z,1455.5,37993.0,525.7,,,0.0,0.0,,,,,,0.0
2026-10-01T01:13:25Z,1460.5,37993.0,375.2,,,0.0,0.0,,,,,,0.0
2026-10-01T01:13:30Z,1465.5,37993.0,538.3,,,0.0,0.0,,,,,,0.0
2026-10-01T01:13:35Z,1470.5,37993.0,543.9,,,0.0,0.0,,,,,,0.0
2026-10-01T01:13:40Z,1475.5,37993.0,339.3,,,0.0,0.0,,,,,,0.0
2026-10-01T01:13:45Z,1480.5,37993.0,579.4,,,0.0,0.0,,,,,,0.0
2026-10-01T01:13:50Z,1485.5,37993.0,520.2,,,0.0,0.0,,,,,,0.0
2026-10-01T01:13:55Z,1490.5,37993.0,305.5,,,0.0,0.0,,,,,,0.0
2026-10-01T01:14:00Z,1495.6,37993.0,612.3,,,0.0,0.0,,,,,,0.0
2026-10-01T01:14:05Z,1500.6,37993.0,448.0,,,0.0,0.0,,,,,,0.0
2026-10-01T01:14:10Z,1505.6,37993.0,509.4,,,0.0,0.0,,,,,,0.0
2026-10-01T01:14:15Z,1510.6,37993.0,293.5,,,0.0,0.0,,,,,,0.0
2026-10-01T01:14:20Z,1515.6,37993.0,549.6,,,0.0,0.0,,,,,,0.0
2026-10-01T01:14:25Z,1520.6,37993.0,464.2,,,0.0,0.0,,,,,,0.0
2026-10-01T01:14:30Z,1525.6,37993.0,592.1,,,0.0,0.0,,,,,,0.0
2026-10-01T01:14:35Z,1530.6,37993.0,485.8,,,0.0,0.0,,,,,,0.0
2026-10-01T01:14:40Z,1535.6,37993.0,600.2,,,0.0,0.0,,,,,,0.0
2026-10-01T01:14:45Z,1540.6,37993.0,479.6,,,0.0,0.0,,,,,,0.0
2026-10-01T01:14:50Z,1545.6,37993.0,608.1,,,0.0,0.0,,,,,,0.0
2026-10-01T01:14:55Z,1550.6,37993.0,488.2,,,0.0,0.0,,,,,,0.0
2026-10-01T01:15:00Z,1555.6,37993.0,455.5,,,0.0,0.0,,,,,,0.0
2026-10-01T01:15:05Z,1560.6,37993.0,582.5,,,0.0,0.0,,,,,,0.0
2026-10-01T01:15:10Z,1565.6,37993.0,453.0,,,0.0,0.0,,,,,,0.0
2026-10-01T01:15:15Z,1570.6,37993.0,635.6,,,0.0,0.0,,,,,,0.0
2026-10-01T01:15:20Z,1575.6,37993.0,501.3,,,0.0,0.0,,,,,,0.0
2026-10-01T01:15:25Z,1580.6,37993.0,611.7,,,0.0,0.0,,,,,,0.0
2026-10-01T01:15:30Z,1585.6,37993.0,624.5,,,0.0,0.0,,,,,,0.0
2026-10-01T01:15:35Z,1590.6,37993.0,456.2,,,0.0,0.0,,,,,,0.0
2026-10-01T01:15:40Z,1595.6,37993.0,612.1,,,0.0,0.0,,,,,,0.0
2026-10-01T01:15:45Z,1600.6,37993.0,504.9,,,0.0,0.0,,,,,,0.0
2026-10-01T01:15:50Z,1605.6,37993.0,630.1,,,0.0,0.0,,,,,,0.0
2026-10-01T01:15:55Z,1610.6,37993.0,490.5,,,0.0,0.0,,,,,,0.0
2026-10-01T01:16:00Z,1615.6,37993.0,451.7,,,0.0,0.0,,,,,,0.0
2026-10-01T01:16:05Z,1620.6,37993.0,357.1,,,0.0,0.0,,,,,,0.0
2026-10-01T01:16:10Z,1625.6,37993.0,426.2,,,0.0,0.0,,,,,,0.0
2026-10-01T01:16:15Z,1630.6,37993.0,484.1,,,0.0,0.0,,,,,,0.0
2026-10-01T01:16:20Z,1635.6,37993.0,622.5,,,0.0,0.0,,,,,,0.0
2026-10-01T01:16:25Z,1640.6,37993.0,478.7,,,0.0,0.0,,,,,,0.0
2026-10-01T01:16:30Z,1645.6,37993.0,613.9,,,0.0,0.0,,,,,,0.0
2026-10-01T01:16:35Z,1650.6,37993.0,468.3,,,0.0,0.0,,,,,,0.0
2026-10-01T01:16:40Z,1655.6,37993.0,578.2,,,0.0,0.0,,,,,,0.0
2026-10-01T01:16:45Z,1660.7,37993.0,505.3,,,0.0,0.0,,,,,,0.0
2026-10-01T01:16:50Z,1665.7,37993.0,548.4,,,0.0,0.0,,,,,,0.0
2026-10-01T01:16:55Z,1670.7,37993.0,450.0,,,0.0,0.0,,,,,,0.0
2026-10-01T01:17:00Z,1675.7,37993.0,389.7,,,0.0,0.0,,,,,,0.0
2026-10-01T01:17:05Z,1680.7,37993.0,344.3,,,0.0,0.0,,,,,,0.0
2026-10-01T01:17:10Z,1685.7,37993.0,317.3,,,0.0,0.0,,,,,,0.0
2026-10-01T01:17:15Z,1690.7,37993.0,363.2,,,0.0,0.0,,,,,,0.0
2026-10-01T01:17:20Z,1695.7,37993.0,389.5,,,0.0,0.0,,,,,,0.0
2026-10-01T01:17:25Z,1700.7,37993.0,496.6,,,0.0,0.0,,,,,,0.0
2026-10-01T01:17:30Z,1705.7,37993.0,521.1,,,0.0,0.0,,,,,,0.0
2026-10-01T01:17:35Z,1710.7,37993.0,492.6,,,0.0,0.0,,,,,,0.0
2026-10-01T01:17:40Z,1715.7,37993.0,575.9,,,0.0,0.0,,,,,,0.0
2026-10-01T01:17:45Z,1720.7,37993.0,505.1,,,0.0,0.0,,,,,,0.0
2026-10-01T01:17:50Z,1725.7,37993.0,585.2,,,0.0,0.0,,,,,,0.0
2026-10-01T01:17:55Z,1730.7,37993.0,497.0,,,0.0,0.0,,,,,,0.0
2026-10-01T01:18:00Z,1735.7,37993.0,473.6,,,0.0,0.0,,,,,,0.0
2026-10-01T01:18:05Z,1740.7,37993.0,552.9,,,0.0,0.0,,,,,,0.0
2026-10-01T01:18:10Z,1745.7,37993.0,498.9,,,0.0,0.0,,,,,,0.0
2026-10-01T01:18:15Z,1750.7,37993.0,570.6,,,0.0,0.0,,,,,,0.0
2026-10-01T01:18:20Z,1755.7,37993.0,506.9,,,0.0,0.0,,,,,,0.0
2026-10-01T01:18:25Z,1760.7,37993.0,473.6,,,0.0,0.0,,,,,,0.0
2026-10-01T01:18:30Z,1765.7,37993.0,507.9,,,0.0,0.0,,,,,,0.0
2026-10-01T01:18:35Z,1770.7,37993.0,543.5,,,0.0,0.0,,,,,,0.0
2026-10-01T01:18:40Z,1775.7,37993.0,536.3,,,0.0,0.0,,,,,,0.0
2026-10-01T01:18:45Z,1780.7,37993.0,496.6,,,0.0,0.0,,,,,,0.0
2026-10-01T01:18:50Z,1785.7,37993.0,516.4,,,0.0,0.0,,,,,,0.0
2026-10-01T01:18:55Z,1790.7,37993.0,437.7,,,0.0,0.0,,,,,,0.0
2026-10-01T01:19:00Z,1795.7,37993.0,483.7,,,0.0,0.0,,,,,,0.0
2026-10-01T01:19:05Z,1800.7,37993.0,509.4,,,0.0,0.0,,,,,,0.0
2026-10-01T01:19:10Z,1805.7,37993.0,491.0,,,0.0,0.0,,,,,,0.0
2026-10-01T01:19:15Z,1810.7,37993.0,507.9,,,0.0,0.0,,,,,,0.0
2026-10-01T01:19:20Z,1815.7,37993.0,459.4,,,0.0,0.0,,,,,,0.0
2026-10-01T01:19:25Z,1820.7,37993.0,459.7,,,0.0,0.0,,,,,,0.0
2026-10-01T01:19:30Z,1825.7,37993.0,504.0,,,0.0,0.0,,,,,,0.0
2026-10-01T01:19:35Z,1830.7,37993.0,491.5,,,0.0,0.0,,,,,,0.0
2026-10-01T01:19:40Z,1835.7,37993.0,477.9,,,0.0,0.0,,,,,,0.0
2026-10-01T01:19:45Z,1840.7,37993.0,441.0,,,0.0,0.0,,,,,,0.0
2026-10-01T01:19:50Z,1845.7,37993.0,330.2,,,0.0,0.0,,,,,,0.0
2026-10-01T01:19:55Z,1850.8,37993.0,207.4,,,0.0,0.0,,,,,,0.0
2026-10-01T01:20:00Z,1855.8,37993.0,494.3,,,0.0,0.0,,,,,,0.0
2026-10-01T01:20:05Z,1860.8,37993.0,488.8,,,0.0,0.0,,,,,,0.0
2026-10-01T01:20:10Z,1865.8,37993.0,479.2,,,0.0,0.0,,,,,,0.0
2026-10-01T01:20:15Z,1870.8,37993.0,508.6,,,0.0,0.0,,,,,,0.0
2026-10-01T01:20:20Z,1875.8,37993.0,485.7,,,0.0,0.0,,,,,,0.0
2026-10-01T01:20:25Z,1880.8,37993.0,482.4,,,0.0,0.0,,,,,,0.0
2026-10-01T01:20:30Z,1885.8,37993.0,527.7,,,0.0,0.0,,,,,,0.0
2026-10-01T01:20:35Z,1890.8,37993.0,477.0,,,0.0,0.0,,,,,,0.0
2026-10-01T01:20:40Z,1895.8,37993.0,14844.6,,,0.0,0.0,,,,,,0.0
