SeLockMemoryPrivilege: ENABLED -- SeLockMemoryPrivilege enabled on this process's token
AWE chunk: requested 524288 pages, got 524288. held_mb=2048.0 avail_mb=45165.0
AWE chunk: requested 524288 pages, got 524288. held_mb=4096.0 avail_mb=43108.7
AWE chunk: requested 524288 pages, got 524288. held_mb=6144.0 avail_mb=41068.2
AWE chunk: requested 524288 pages, got 524288. held_mb=8192.0 avail_mb=39017.0
AWE chunk: requested 524288 pages, got 524288. held_mb=10240.0 avail_mb=36966.3
AWE chunk: requested 524288 pages, got 524288. held_mb=12288.0 avail_mb=34912.9
AWE chunk: requested 524288 pages, got 524288. held_mb=14336.0 avail_mb=32862.3
AWE chunk: requested 524288 pages, got 524288. held_mb=16384.0 avail_mb=30809.2
AWE chunk: requested 524288 pages, got 524288. held_mb=18432.0 avail_mb=28759.7
AWE chunk: requested 524288 pages, got 524288. held_mb=20480.0 avail_mb=26706.4
AWE chunk: requested 524288 pages, got 524288. held_mb=22528.0 avail_mb=24649.9
AWE chunk: requested 524288 pages, got 524288. held_mb=24576.0 avail_mb=22602.3
AWE chunk: requested 524288 pages, got 524288. held_mb=26624.0 avail_mb=20548.9
AWE chunk: requested 524288 pages, got 524288. held_mb=28672.0 avail_mb=18497.2
AWE chunk: requested 524288 pages, got 524288. held_mb=30720.0 avail_mb=16444.8
AWE chunk: requested 363513 pages, got 363513. held_mb=32140.0 avail_mb=14388.7
TARGET REACHED (or best effort). mechanism=AWE held_mb=32140.0 available_mb=12967.2 target_available_mb=12968.740600585938
2026-10-05T01:17:24Z,0.0,32140.0,12967.2,,,0.0,0.0,,,,,,0.0
2026-10-05T01:17:29Z,5.0,32140.0,12966.0,,,0.0,0.0,,,,,,0.0
2026-10-05T01:17:34Z,10.0,32140.0,12965.7,,,0.0,0.0,,,,,,0.0
2026-10-05T01:17:39Z,15.0,32140.0,12966.1,,,0.0,0.0,,,,,,0.0
2026-10-05T01:17:44Z,20.0,32140.0,12967.6,,,0.0,0.0,,,,,,0.0
2026-10-05T01:17:49Z,25.0,32140.0,11056.7,,,0.0,0.0,,,,,,0.0
2026-10-05T01:17:54Z,30.0,32140.0,11056.8,,,0.0,0.0,,,,,,0.0
2026-10-05T01:17:59Z,35.0,32140.0,11048.6,,,0.0,0.0,,,,,,0.0
2026-10-05T01:18:04Z,40.0,32140.0,11047.2,,,0.0,0.0,,,,,,0.0
2026-10-05T01:18:09Z,45.0,32140.0,11047.5,,,0.0,0.0,,,,,,0.0
2026-10-05T01:18:14Z,50.0,32140.0,11048.1,,,0.0,0.0,,,,,,0.0
2026-10-05T01:18:19Z,55.0,32140.0,11047.3,,,0.0,0.0,,,,,,0.0
2026-10-05T01:18:24Z,60.0,32140.0,11049.2,,,0.0,0.0,,,,,,0.0
2026-10-05T01:18:29Z,65.0,32140.0,11052.3,,,0.0,0.0,,,,,,0.0
2026-10-05T01:18:34Z,70.0,32140.0,11053.1,,,0.0,0.0,,,,,,0.0
2026-10-05T01:18:39Z,75.0,32140.0,11052.8,,,0.0,0.0,,,,,,0.0
2026-10-05T01:18:44Z,80.0,32140.0,11053.9,,,0.0,0.0,,,,,,0.0
2026-10-05T01:18:49Z,85.0,32140.0,11052.8,,,0.0,0.0,,,,,,0.0
2026-10-05T01:18:54Z,90.0,32140.0,12971.5,,,0.0,0.0,,,,,,0.0
2026-10-05T01:18:59Z,95.0,32140.0,12968.5,,,0.0,0.0,,,,,,0.0
2026-10-05T01:19:04Z,100.0,32140.0,12967.7,,,0.0,0.0,,,,,,0.0
2026-10-05T01:19:09Z,105.0,32140.0,12968.5,,,0.0,0.0,,,,,,0.0
2026-10-05T01:19:14Z,110.0,32140.0,12968.9,,,0.0,0.0,,,,,,0.0
2026-10-05T01:19:19Z,115.0,32140.0,12968.2,,,0.0,0.0,,,,,,0.0
2026-10-05T01:19:24Z,120.0,32140.0,12968.2,,,0.0,0.0,,,,,,0.0
2026-10-05T01:19:29Z,125.0,32140.0,12970.9,,,0.0,0.0,,,,,,0.0
2026-10-05T01:19:34Z,130.0,32140.0,12969.6,,,0.0,0.0,,,,,,0.0
2026-10-05T01:19:39Z,135.0,32140.0,12970.8,,,0.0,0.0,,,,,,0.0
2026-10-05T01:19:44Z,140.0,32140.0,12964.2,,,0.0,0.0,,,,,,0.0
2026-10-05T01:19:49Z,145.0,32140.0,12968.6,,,0.0,0.0,,,,,,0.0
2026-10-05T01:19:54Z,150.0,32140.0,12969.5,,,0.0,0.0,,,,,,0.0
2026-10-05T01:19:59Z,155.0,32140.0,12958.4,,,0.0,0.0,,,,,,0.0
2026-10-05T01:20:04Z,160.0,32140.0,12952.5,,,0.0,0.0,,,,,,0.0
2026-10-05T01:20:09Z,165.0,32140.0,11046.5,,,0.0,0.0,,,,,,0.0
2026-10-05T01:20:14Z,170.0,32140.0,11044.8,,,0.0,0.0,,,,,,0.0
2026-10-05T01:20:19Z,175.0,32140.0,11042.8,,,0.0,0.0,,,,,,0.0
2026-10-05T01:20:24Z,180.0,32140.0,11037.4,,,0.0,0.0,,,,,,0.0
2026-10-05T01:20:29Z,185.0,32140.0,11038.5,,,0.0,0.0,,,,,,0.0
2026-10-05T01:20:34Z,190.0,32140.0,11041.4,,,0.0,0.0,,,,,,0.0
2026-10-05T01:20:39Z,195.0,32140.0,11040.8,,,0.0,0.0,,,,,,0.0
2026-10-05T01:20:44Z,200.0,32140.0,11041.6,,,0.0,0.0,,,,,,0.0
2026-10-05T01:20:49Z,205.0,32140.0,11042.7,,,0.0,0.0,,,,,,0.0
2026-10-05T01:20:54Z,210.0,32140.0,11041.6,,,0.0,0.0,,,,,,0.0
2026-10-05T01:20:59Z,215.0,32140.0,11037.1,,,0.0,0.0,,,,,,0.0
2026-10-05T01:21:04Z,220.0,32140.0,11038.3,,,0.0,0.0,,,,,,0.0
2026-10-05T01:21:09Z,225.0,32140.0,11039.1,,,0.0,0.0,,,,,,0.0
2026-10-05T01:21:14Z,230.0,32140.0,12956.6,,,0.0,0.0,,,,,,0.0
2026-10-05T01:21:19Z,235.0,32140.0,12957.0,,,0.0,0.0,,,,,,0.0
2026-10-05T01:21:24Z,240.0,32140.0,12957.3,,,0.0,0.0,,,,,,0.0
2026-10-05T01:21:29Z,245.0,32140.0,12960.6,,,0.0,0.0,,,,,,0.0
2026-10-05T01:21:34Z,250.0,32140.0,12965.9,,,0.0,0.0,,,,,,0.0
2026-10-05T01:21:39Z,255.1,32140.0,12963.6,,,0.0,0.0,,,,,,0.0
2026-10-05T01:21:44Z,260.1,32140.0,12963.7,,,0.0,0.0,,,,,,0.0
2026-10-05T01:21:49Z,265.1,32140.0,12963.6,,,0.0,0.0,,,,,,0.0
2026-10-05T01:21:54Z,270.1,32140.0,12962.8,,,0.0,0.0,,,,,,0.0
2026-10-05T01:21:59Z,275.1,32140.0,12957.1,,,0.0,0.0,,,,,,0.0
2026-10-05T01:22:04Z,280.1,32140.0,12957.1,,,0.0,0.0,,,,,,0.0
2026-10-05T01:22:09Z,285.1,32140.0,12960.6,,,0.0,0.0,,,,,,0.0
2026-10-05T01:22:14Z,290.1,32140.0,12963.6,,,0.0,0.0,,,,,,0.0
2026-10-05T01:22:19Z,295.1,32140.0,12963.0,,,0.0,0.0,,,,,,0.0
2026-10-05T01:22:24Z,300.1,32140.0,12957.5,,,0.0,0.0,,,,,,0.0
2026-10-05T01:22:29Z,305.1,32140.0,12959.9,,,0.0,0.0,,,,,,0.0
2026-10-05T01:22:34Z,310.1,32140.0,11050.2,,,0.0,0.0,,,,,,0.0
2026-10-05T01:22:39Z,315.1,32140.0,11043.1,,,0.0,0.0,,,,,,0.0
2026-10-05T01:22:44Z,320.1,32140.0,11049.9,,,0.0,0.0,,,,,,0.0
2026-10-05T01:22:49Z,325.1,32140.0,11048.4,,,0.0,0.0,,,,,,0.0
2026-10-05T01:22:54Z,330.1,32140.0,11048.9,,,0.0,0.0,,,,,,0.0
2026-10-05T01:22:59Z,335.1,32140.0,11043.8,,,0.0,0.0,,,,,,0.0
2026-10-05T01:23:04Z,340.1,32140.0,11043.6,,,0.0,0.0,,,,,,0.0
2026-10-05T01:23:09Z,345.1,32140.0,11043.1,,,0.0,0.0,,,,,,0.0
2026-10-05T01:23:14Z,350.1,32140.0,11043.9,,,0.0,0.0,,,,,,0.0
2026-10-05T01:23:19Z,355.1,32140.0,11043.2,,,0.0,0.0,,,,,,0.0
2026-10-05T01:23:24Z,360.1,32140.0,11044.3,,,0.0,0.0,,,,,,0.0
2026-10-05T01:23:29Z,365.1,32140.0,11046.0,,,0.0,0.0,,,,,,0.0
2026-10-05T01:23:34Z,370.1,32140.0,11046.9,,,0.0,0.0,,,,,,0.0
2026-10-05T01:23:39Z,375.1,32140.0,12931.4,,,0.0,0.0,,,,,,0.0
2026-10-05T01:23:44Z,380.1,32140.0,12963.6,,,0.0,0.0,,,,,,0.0
2026-10-05T01:23:49Z,385.1,32140.0,12964.7,,,0.0,0.0,,,,,,0.0
2026-10-05T01:23:54Z,390.1,32140.0,12964.3,,,0.0,0.0,,,,,,0.0
2026-10-05T01:23:59Z,395.1,32140.0,12958.4,,,0.0,0.0,,,,,,0.0
2026-10-05T01:24:04Z,400.1,32140.0,12956.8,,,0.0,0.0,,,,,,0.0
2026-10-05T01:24:09Z,405.1,32140.0,12956.7,,,0.0,0.0,,,,,,0.0
2026-10-05T01:24:14Z,410.1,32140.0,12956.8,,,0.0,0.0,,,,,,0.0
2026-10-05T01:24:19Z,415.1,32140.0,12954.8,,,0.0,0.0,,,,,,0.0
2026-10-05T01:24:24Z,420.1,32140.0,12954.8,,,0.0,0.0,,,,,,0.0
2026-10-05T01:24:29Z,425.1,32140.0,12952.0,,,0.0,0.0,,,,,,0.0
