SeLockMemoryPrivilege: ENABLED -- SeLockMemoryPrivilege enabled on this process's token
AWE chunk: requested 524288 pages, got 524288. held_mb=2048.0 avail_mb=60541.1
AWE chunk: requested 524288 pages, got 524288. held_mb=4096.0 avail_mb=58503.0
AWE chunk: requested 524288 pages, got 524288. held_mb=6144.0 avail_mb=56449.4
AWE chunk: requested 524288 pages, got 524288. held_mb=8192.0 avail_mb=54398.1
AWE chunk: requested 524288 pages, got 524288. held_mb=10240.0 avail_mb=52347.4
AWE chunk: requested 524288 pages, got 524288. held_mb=12288.0 avail_mb=50295.5
AWE chunk: requested 524288 pages, got 524288. held_mb=14336.0 avail_mb=48243.7
AWE chunk: requested 524288 pages, got 524288. held_mb=16384.0 avail_mb=46192.0
AWE chunk: requested 524288 pages, got 524288. held_mb=18432.0 avail_mb=44140.5
AWE chunk: requested 524288 pages, got 524288. held_mb=20480.0 avail_mb=42089.2
AWE chunk: requested 524288 pages, got 524288. held_mb=22528.0 avail_mb=40037.8
AWE chunk: requested 524288 pages, got 524288. held_mb=24576.0 avail_mb=37985.8
AWE chunk: requested 524288 pages, got 524288. held_mb=26624.0 avail_mb=35934.2
AWE chunk: requested 524288 pages, got 524288. held_mb=28672.0 avail_mb=33878.8
AWE chunk: requested 524288 pages, got 524288. held_mb=30720.0 avail_mb=31829.9
AWE chunk: requested 524288 pages, got 524288. held_mb=32768.0 avail_mb=29778.4
AWE chunk: requested 524288 pages, got 524288. held_mb=34816.0 avail_mb=27726.3
AWE chunk: requested 524288 pages, got 524288. held_mb=36864.0 avail_mb=25674.4
AWE chunk: requested 524288 pages, got 524288. held_mb=38912.0 avail_mb=23622.4
AWE chunk: requested 524288 pages, got 524288. held_mb=40960.0 avail_mb=21570.3
AWE chunk: requested 524288 pages, got 524288. held_mb=43008.0 avail_mb=19518.3
AWE chunk: requested 524288 pages, got 524288. held_mb=45056.0 avail_mb=17466.1
AWE chunk: requested 524288 pages, got 524288. held_mb=47104.0 avail_mb=15414.0
AWE chunk: requested 524288 pages, got 524288. held_mb=49152.0 avail_mb=13362.0
AWE chunk: requested 524288 pages, got 524288. held_mb=51200.0 avail_mb=11310.1
AWE chunk: requested 524288 pages, got 524288. held_mb=53248.0 avail_mb=9258.3
AWE chunk: requested 523583 pages, got 523583. held_mb=55293.2 avail_mb=7210.4
TARGET REACHED (or best effort). mechanism=AWE held_mb=55293.2 available_mb=5162.2 target_available_mb=5165.200000000001
2026-09-28T20:08:20Z,0.0,55293.2,5162.2,,,0.0,0.0,,,,,,0.0
2026-09-28T20:08:25Z,5.0,55293.2,681.4,,,0.0,0.0,,,,,,0.0
2026-09-28T20:08:31Z,10.3,55293.2,671.7,,,0.0,0.0,,,,,,0.1
2026-09-28T20:08:35Z,15.3,55293.2,425.9,,,0.0,0.0,,,,,,0.0
2026-09-28T20:08:40Z,20.3,55293.2,45.7,,,0.0,0.0,,,,,,0.0
2026-09-28T20:08:45Z,25.5,55293.2,375.8,,,0.0,0.0,,,,,,0.1
2026-09-28T20:08:50Z,30.5,55293.2,200.7,,,0.0,0.0,,,,,,0.0
2026-09-28T20:08:55Z,35.5,55293.2,88.6,,,0.0,0.0,,,,,,0.1
2026-09-28T20:09:00Z,40.5,55293.2,97.3,,,0.0,0.0,,,,,,0.2
2026-09-28T20:09:05Z,45.5,55293.2,123.9,,,0.0,0.0,,,,,,0.1
2026-09-28T20:09:10Z,50.6,55293.2,288.8,,,0.0,0.0,,,,,,0.0
2026-09-28T20:09:15Z,55.7,55293.2,301.5,,,0.0,0.0,,,,,,0.0
2026-09-28T20:09:20Z,60.7,55293.2,136.9,,,0.0,0.0,,,,,,0.0
2026-09-28T20:09:25Z,65.7,55293.2,453.1,,,0.0,0.0,,,,,,0.1
2026-09-28T20:09:31Z,70.7,55293.2,332.7,,,0.0,0.0,,,,,,0.2
2026-09-28T20:09:36Z,75.8,55293.2,116.9,,,0.0,0.0,,,,,,0.0
2026-09-28T20:09:41Z,80.8,55293.2,364.7,,,0.0,0.0,,,,,,0.1
2026-09-28T20:09:46Z,85.8,55293.2,144.8,,,0.0,0.0,,,,,,0.0
2026-09-28T20:09:51Z,90.8,55293.2,10.9,,,0.0,0.0,,,,,,0.0
2026-09-28T20:09:56Z,95.8,55293.2,38.8,,,0.0,0.0,,,,,,0.1
2026-09-28T20:10:01Z,100.9,55293.2,69.1,,,0.0,0.0,,,,,,0.1
2026-09-28T20:10:06Z,105.9,55293.2,79.9,,,0.0,0.0,,,,,,0.1
2026-09-28T20:10:11Z,111.0,55293.2,272.2,,,0.0,0.0,,,,,,0.5
2026-09-28T20:10:16Z,116.1,55293.2,370.3,,,0.0,0.0,,,,,,0.0
2026-09-28T20:10:21Z,121.1,55293.2,161.2,,,0.0,0.0,,,,,,0.0
2026-09-28T20:10:26Z,126.1,55293.2,142.4,,,0.0,0.0,,,,,,0.1
2026-09-28T20:10:31Z,131.1,55293.2,243.3,,,0.0,0.0,,,,,,0.0
2026-09-28T20:10:36Z,136.2,55293.2,334.5,,,0.0,0.0,,,,,,0.0
2026-09-28T20:10:41Z,141.2,55293.2,145.8,,,0.0,0.0,,,,,,0.0
2026-09-28T20:10:46Z,146.3,55293.2,180.2,,,0.0,0.0,,,,,,0.1
2026-09-28T20:10:51Z,151.3,55293.2,117.8,,,0.0,0.0,,,,,,0.2
2026-09-28T20:10:56Z,156.4,55293.2,184.2,,,0.0,0.0,,,,,,0.0
2026-09-28T20:11:01Z,161.5,55293.2,252.3,,,0.0,0.0,,,,,,0.1
2026-09-28T20:11:06Z,166.5,55293.2,114.0,,,0.0,0.0,,,,,,0.0
2026-09-28T20:11:11Z,171.6,55293.2,606.7,,,0.0,0.0,,,,,,0.1
2026-09-28T20:11:16Z,176.6,55293.2,599.2,,,0.0,0.0,,,,,,0.0
2026-09-28T20:11:21Z,181.7,55293.2,244.7,,,0.0,0.0,,,,,,0.0
2026-09-28T20:11:26Z,186.7,55293.2,204.9,,,0.0,0.0,,,,,,0.0
2026-09-28T20:11:32Z,191.7,55293.2,255.3,,,0.0,0.0,,,,,,0.5
2026-09-28T20:11:37Z,196.8,55293.2,386.0,,,0.0,0.0,,,,,,0.1
2026-09-28T20:11:42Z,201.9,55293.2,130.6,,,0.0,0.0,,,,,,0.0
2026-09-28T20:11:47Z,206.9,55293.2,195.4,,,0.0,0.0,,,,,,0.0
2026-09-28T20:11:52Z,212.0,55293.2,310.9,,,0.0,0.0,,,,,,0.3
2026-09-28T20:11:57Z,217.0,55293.2,89.9,,,0.0,0.0,,,,,,0.0
2026-09-28T20:12:02Z,222.0,55293.2,234.2,,,0.0,0.0,,,,,,0.0
2026-09-28T20:12:07Z,227.0,55293.2,160.6,,,0.0,0.0,,,,,,0.0
2026-09-28T20:12:12Z,232.0,55293.2,149.0,,,0.0,0.0,,,,,,0.0
2026-09-28T20:12:17Z,237.0,55293.2,467.4,,,0.0,0.0,,,,,,0.0
2026-09-28T20:12:22Z,242.1,55293.2,508.1,,,0.0,0.0,,,,,,0.1
2026-09-28T20:12:27Z,247.2,55293.2,53.8,,,0.0,0.0,,,,,,0.1
2026-09-28T20:12:32Z,252.3,55293.2,139.8,,,0.0,0.0,,,,,,0.0
2026-09-28T20:12:37Z,257.3,55293.2,33.0,,,0.0,0.0,,,,,,0.2
2026-09-28T20:12:42Z,262.3,55293.2,57.6,,,0.0,0.0,,,,,,0.1
2026-09-28T20:12:47Z,267.4,55293.2,226.7,,,0.0,0.0,,,,,,0.2
2026-09-28T20:12:52Z,272.4,55293.2,372.3,,,0.0,0.0,,,,,,0.0
2026-09-28T20:12:57Z,277.5,55293.2,407.5,,,0.0,0.0,,,,,,0.4
2026-09-28T20:13:02Z,282.6,55293.2,365.2,,,0.0,0.0,,,,,,0.0
2026-09-28T20:13:08Z,287.8,55293.2,92.5,,,0.0,0.0,,,,,,0.0
2026-09-28T20:13:13Z,292.8,55293.2,251.0,,,0.0,0.0,,,,,,0.0
2026-09-28T20:13:18Z,297.9,55293.2,386.1,,,0.0,0.0,,,,,,0.0
2026-09-28T20:13:23Z,302.9,55293.2,111.1,,,0.0,0.0,,,,,,0.0
2026-09-28T20:13:28Z,307.9,55293.2,7.4,,,0.0,0.0,,,,,,0.1
2026-09-28T20:13:33Z,312.9,55293.2,44.3,,,0.0,0.0,,,,,,0.0
2026-09-28T20:13:38Z,318.0,55293.2,15.9,,,0.0,0.0,,,,,,0.1
2026-09-28T20:13:43Z,323.1,55293.2,205.4,,,0.0,0.0,,,,,,0.0
2026-09-28T20:13:48Z,328.1,55293.2,52.1,,,0.0,0.0,,,,,,0.0
2026-09-28T20:13:53Z,333.2,55293.2,99.0,,,0.0,0.0,,,,,,0.2
2026-09-28T20:13:58Z,338.2,55293.2,159.5,,,0.0,0.0,,,,,,0.0
2026-09-28T20:14:03Z,343.4,55293.2,3.5,,,0.0,0.0,,,,,,0.8
2026-09-28T20:14:08Z,348.5,55293.2,46.3,,,0.0,0.0,,,,,,0.5
2026-09-28T20:14:14Z,353.6,55293.2,58.1,,,0.0,0.0,,,,,,0.9
2026-09-28T20:14:19Z,358.9,55293.2,89.2,,,0.0,0.0,,,,,,0.1
2026-09-28T20:14:24Z,363.9,55293.2,217.5,,,0.0,0.0,,,,,,0.0
2026-09-28T20:14:29Z,369.0,55293.2,199.8,,,0.0,0.0,,,,,,0.0
2026-09-28T20:14:34Z,374.0,55293.2,175.8,,,0.0,0.0,,,,,,0.0
2026-09-28T20:14:39Z,379.1,55293.2,342.2,,,0.0,0.0,,,,,,0.1
2026-09-28T20:14:44Z,384.1,55293.2,93.0,,,0.0,0.0,,,,,,0.1
2026-09-28T20:14:49Z,389.2,55293.2,221.2,,,0.0,0.0,,,,,,0.0
2026-09-28T20:14:54Z,394.2,55293.2,54.5,,,0.0,0.0,,,,,,0.1
2026-09-28T20:14:59Z,399.2,55293.2,169.7,,,0.0,0.0,,,,,,0.0
2026-09-28T20:15:04Z,404.3,55293.2,136.8,,,0.0,0.0,,,,,,0.1
2026-09-28T20:15:09Z,409.3,55293.2,6.1,,,0.0,0.0,,,,,,0.1
2026-09-28T20:15:14Z,414.4,55293.2,30.2,,,0.0,0.0,,,,,,0.2
2026-09-28T20:15:19Z,419.4,55293.2,168.6,,,0.0,0.0,,,,,,0.0
2026-09-28T20:15:24Z,424.5,55293.2,490.7,,,0.0,0.0,,,,,,0.2
2026-09-28T20:15:30Z,429.6,55293.2,413.0,,,0.0,0.0,,,,,,0.4
2026-09-28T20:15:34Z,434.7,55293.2,405.9,,,0.0,0.0,,,,,,0.3
2026-09-28T20:15:40Z,439.8,55293.2,131.4,,,0.0,0.0,,,,,,0.1
2026-09-28T20:15:45Z,445.1,55293.2,26.5,,,0.0,0.0,,,,,,0.4
2026-09-28T20:15:50Z,450.2,55293.2,164.8,,,0.0,0.0,,,,,,0.0
2026-09-28T20:15:55Z,455.2,55293.2,193.2,,,0.0,0.0,,,,,,0.1
2026-09-28T20:16:00Z,460.3,55293.2,71.6,,,0.0,0.0,,,,,,0.1
2026-09-28T20:16:05Z,465.3,55293.2,121.4,,,0.0,0.0,,,,,,0.1
2026-09-28T20:16:10Z,470.3,55293.2,531.1,,,0.0,0.0,,,,,,0.2
2026-09-28T20:16:15Z,475.4,55293.2,490.5,,,0.0,0.0,,,,,,0.2
2026-09-28T20:16:20Z,480.5,55293.2,164.1,,,0.0,0.0,,,,,,0.0
2026-09-28T20:16:25Z,485.5,55293.2,119.2,,,0.0,0.0,,,,,,0.2
2026-09-28T20:16:30Z,490.5,55293.2,5.2,,,0.0,0.0,,,,,,0.1
2026-09-28T20:16:35Z,495.5,55293.2,58.5,,,0.0,0.0,,,,,,0.2
2026-09-28T20:16:43Z,501.0,55293.2,42.9,,,0.0,0.0,,,,,,2.4
2026-09-28T20:16:49Z,507.1,55293.2,312.8,,,0.0,0.0,,,,,,2.4
2026-09-28T20:16:53Z,512.4,55293.2,143.6,,,0.0,0.0,,,,,,0.2
2026-09-28T20:16:57Z,517.6,55293.2,583.3,,,0.0,0.0,,,,,,0.1
2026-09-28T20:17:02Z,522.6,55293.2,203.5,,,0.0,0.0,,,,,,0.0
2026-09-28T20:17:07Z,527.6,55293.2,245.2,,,0.0,0.0,,,,,,0.0
2026-09-28T20:17:12Z,532.7,55293.2,397.7,,,0.0,0.0,,,,,,0.1
2026-09-28T20:17:17Z,537.7,55293.2,19.0,,,0.0,0.0,,,,,,0.2
2026-09-28T20:17:22Z,542.7,55293.2,316.6,,,0.0,0.0,,,,,,0.1
2026-09-28T20:17:28Z,547.8,55293.2,395.0,,,0.0,0.0,,,,,,0.0
2026-09-28T20:17:33Z,552.8,55293.2,70.7,,,0.0,0.0,,,,,,0.0
2026-09-28T20:17:38Z,557.9,55293.2,355.6,,,0.0,0.0,,,,,,0.4
2026-09-28T20:17:43Z,563.1,55293.2,298.2,,,0.0,0.0,,,,,,0.5
2026-09-28T20:17:48Z,568.2,55293.2,329.9,,,0.0,0.0,,,,,,0.0
2026-09-28T20:17:53Z,573.2,55293.2,4.0,,,0.0,0.0,,,,,,0.2
2026-09-28T20:17:58Z,578.2,55293.2,171.3,,,0.0,0.0,,,,,,0.0
2026-09-28T20:18:03Z,583.3,55293.2,218.4,,,0.0,0.0,,,,,,0.1
2026-09-28T20:18:08Z,588.3,55293.2,3.4,,,0.0,0.0,,,,,,0.1
2026-09-28T20:18:13Z,593.3,55293.2,15.7,,,0.0,0.0,,,,,,0.5
2026-09-28T20:18:18Z,598.4,55293.2,49.5,,,0.0,0.0,,,,,,0.0
2026-09-28T20:18:23Z,603.4,55293.2,8.4,,,0.0,0.0,,,,,,0.0
2026-09-28T20:18:28Z,608.5,55293.2,249.7,,,0.0,0.0,,,,,,0.1
2026-09-28T20:18:33Z,613.6,55293.2,270.2,,,0.0,0.0,,,,,,0.0
2026-09-28T20:18:39Z,618.7,55293.2,290.1,,,0.0,0.0,,,,,,0.0
2026-09-28T20:18:44Z,623.7,55293.2,266.7,,,0.0,0.0,,,,,,0.0
2026-09-28T20:18:48Z,628.7,55293.2,151.3,,,0.0,0.0,,,,,,0.0
2026-09-28T20:18:53Z,633.7,55293.2,150.5,,,0.0,0.0,,,,,,0.0
2026-09-28T20:18:59Z,638.7,55293.2,141.4,,,0.0,0.0,,,,,,0.0
2026-09-28T20:19:04Z,643.8,55293.2,364.4,,,0.0,0.0,,,,,,0.0
2026-09-28T20:19:09Z,648.9,55293.2,482.9,,,0.0,0.0,,,,,,0.0
2026-09-28T20:19:14Z,653.9,55293.2,404.8,,,0.0,0.0,,,,,,0.0
2026-09-28T20:19:19Z,659.0,55293.2,38.5,,,0.0,0.0,,,,,,0.0
2026-09-28T20:19:24Z,664.0,55293.2,99.3,,,0.0,0.0,,,,,,0.1
2026-09-28T20:19:29Z,669.3,55293.2,289.5,,,0.0,0.0,,,,,,0.0
2026-09-28T20:19:34Z,674.6,55293.2,245.0,,,0.0,0.0,,,,,,0.0
2026-09-28T20:19:39Z,679.7,55293.2,178.8,,,0.0,0.0,,,,,,0.0
2026-09-28T20:19:45Z,684.7,55293.2,292.9,,,0.0,0.0,,,,,,0.3
2026-09-28T20:19:50Z,689.8,55293.2,248.9,,,0.0,0.0,,,,,,0.0
2026-09-28T20:19:55Z,694.8,55293.2,106.9,,,0.0,0.0,,,,,,0.0
2026-09-28T20:20:00Z,699.9,55293.2,7.6,,,0.0,0.0,,,,,,0.0
2026-09-28T20:20:05Z,704.9,55293.2,284.5,,,0.0,0.0,,,,,,0.0
2026-09-28T20:20:10Z,710.0,55293.2,159.2,,,0.0,0.0,,,,,,0.0
2026-09-28T20:20:15Z,715.1,55293.2,342.4,,,0.0,0.0,,,,,,0.0
2026-09-28T20:20:20Z,720.1,55293.2,356.1,,,0.0,0.0,,,,,,0.1
2026-09-28T20:20:25Z,725.1,55293.2,340.8,,,0.0,0.0,,,,,,0.2
2026-09-28T20:20:30Z,730.2,55293.2,324.1,,,0.0,0.0,,,,,,0.1
2026-09-28T20:20:35Z,735.3,55293.2,305.3,,,0.0,0.0,,,,,,0.0
2026-09-28T20:20:40Z,740.3,55293.2,104.5,,,0.0,0.0,,,,,,0.0
2026-09-28T20:20:45Z,745.5,55293.2,263.6,,,0.0,0.0,,,,,,0.0
2026-09-28T20:20:50Z,750.6,55293.2,51.2,,,0.0,0.0,,,,,,0.1
2026-09-28T20:20:55Z,755.6,55293.2,156.9,,,0.0,0.0,,,,,,0.0
2026-09-28T20:21:00Z,760.6,55293.2,207.3,,,0.0,0.0,,,,,,0.1
2026-09-28T20:21:05Z,765.6,55293.2,32.5,,,0.0,0.0,,,,,,0.1
2026-09-28T20:21:10Z,770.6,55293.2,19.0,,,0.0,0.0,,,,,,0.1
2026-09-28T20:21:15Z,775.7,55293.2,76.5,,,0.0,0.0,,,,,,0.1
2026-09-28T20:21:21Z,780.8,55293.2,108.8,,,0.0,0.0,,,,,,0.0
2026-09-28T20:21:26Z,785.9,55293.2,114.6,,,0.0,0.0,,,,,,0.0
2026-09-28T20:21:32Z,791.2,55293.2,125.3,,,0.0,0.0,,,,,,0.0
2026-09-28T20:21:36Z,796.5,55293.2,326.1,,,0.0,0.0,,,,,,0.0
2026-09-28T20:21:42Z,802.0,55293.2,185.1,,,0.0,0.0,,,,,,0.0
2026-09-28T20:21:47Z,807.0,55293.2,133.6,,,0.0,0.0,,,,,,0.0
2026-09-28T20:21:52Z,812.0,55293.2,127.5,,,0.0,0.0,,,,,,0.0
2026-09-28T20:21:57Z,817.1,55293.2,59.9,,,0.0,0.0,,,,,,0.1
2026-09-28T20:22:02Z,822.1,55293.2,119.7,,,0.0,0.0,,,,,,0.0
2026-09-28T20:22:07Z,827.1,55293.2,146.3,,,0.0,0.0,,,,,,0.0
2026-09-28T20:22:12Z,832.3,55293.2,52.6,,,0.0,0.0,,,,,,0.0
2026-09-28T20:22:17Z,837.6,55293.2,38.6,,,0.0,0.0,,,,,,0.2
2026-09-28T20:22:22Z,842.6,55293.2,127.2,,,0.0,0.0,,,,,,0.0
2026-09-28T20:22:27Z,847.6,55293.2,40.6,,,0.0,0.0,,,,,,0.1
2026-09-28T20:22:32Z,852.6,55293.2,27.7,,,0.0,0.0,,,,,,0.1
2026-09-28T20:22:37Z,857.7,55293.2,468.1,,,0.0,0.0,,,,,,0.1
2026-09-28T20:22:44Z,863.1,55293.2,137.2,,,0.0,0.0,,,,,,0.0
2026-09-28T20:22:48Z,868.1,55293.2,306.6,,,0.0,0.0,,,,,,0.0
2026-09-28T20:22:53Z,873.2,55293.2,73.6,,,0.0,0.0,,,,,,0.6
2026-09-28T20:22:58Z,878.3,55293.2,399.1,,,0.0,0.0,,,,,,0.1
2026-09-28T20:23:03Z,883.3,55293.2,427.5,,,0.0,0.0,,,,,,0.4
2026-09-28T20:23:08Z,888.5,55293.2,415.3,,,0.0,0.0,,,,,,0.1
2026-09-28T20:23:13Z,893.5,55293.2,162.3,,,0.0,0.0,,,,,,0.0
2026-09-28T20:23:18Z,898.6,55293.2,155.0,,,0.0,0.0,,,,,,0.2
2026-09-28T20:23:23Z,903.6,55293.2,310.8,,,0.0,0.0,,,,,,0.0
2026-09-28T20:23:29Z,908.7,55293.2,235.1,,,0.0,0.0,,,,,,0.1
2026-09-28T20:23:34Z,913.8,55293.2,226.1,,,0.0,0.0,,,,,,0.0
2026-09-28T20:23:39Z,918.8,55293.2,128.6,,,0.0,0.0,,,,,,0.0
2026-09-28T20:23:44Z,923.9,55293.2,94.1,,,0.0,0.0,,,,,,0.3
2026-09-28T20:23:49Z,928.9,55293.2,55.1,,,0.0,0.0,,,,,,0.2
2026-09-28T20:23:54Z,934.2,55293.2,288.4,,,0.0,0.0,,,,,,0.0
2026-09-28T20:23:59Z,939.2,55293.2,386.5,,,0.0,0.0,,,,,,0.1
2026-09-28T20:24:05Z,944.3,55293.2,417.1,,,0.0,0.0,,,,,,0.1
2026-09-28T20:24:09Z,949.4,55293.2,459.5,,,0.0,0.0,,,,,,0.1
2026-09-28T20:24:14Z,954.5,55293.2,14.0,,,0.0,0.0,,,,,,0.0
2026-09-28T20:24:19Z,959.5,55293.2,222.3,,,0.0,0.0,,,,,,0.0
2026-09-28T20:24:24Z,964.7,55293.2,283.2,,,0.0,0.0,,,,,,0.0
2026-09-28T20:24:30Z,969.7,55293.2,97.3,,,0.0,0.0,,,,,,0.1
2026-09-28T20:24:35Z,974.9,55293.2,7.5,,,0.0,0.0,,,,,,0.2
2026-09-28T20:24:40Z,980.2,55293.2,114.6,,,0.0,0.0,,,,,,0.5
2026-09-28T20:24:45Z,985.2,55293.2,118.9,,,0.0,0.0,,,,,,0.1
2026-09-28T20:24:50Z,990.2,55293.2,43.6,,,0.0,0.0,,,,,,0.1
2026-09-28T20:24:56Z,995.4,55293.2,5.4,,,0.0,0.0,,,,,,0.0
2026-09-28T20:25:00Z,1000.4,55293.2,379.4,,,0.0,0.0,,,,,,0.1
2026-09-28T20:25:05Z,1005.5,55293.2,306.8,,,0.0,0.0,,,,,,0.1
2026-09-28T20:25:10Z,1010.6,55293.2,398.7,,,0.0,0.0,,,,,,0.2
2026-09-28T20:25:15Z,1015.6,55293.2,141.1,,,0.0,0.0,,,,,,0.0
2026-09-28T20:25:20Z,1020.6,55293.2,4.3,,,0.0,0.0,,,,,,0.1
2026-09-28T20:25:25Z,1025.6,55293.2,299.2,,,0.0,0.0,,,,,,0.0
2026-09-28T20:25:30Z,1030.6,55293.2,6282.0,,,0.0,0.0,,,,,,0.0
