SeLockMemoryPrivilege: ENABLED -- SeLockMemoryPrivilege enabled on this process's token
AWE chunk: requested 524288 pages, got 524288. held_mb=2048.0 avail_mb=50422.5
AWE chunk: requested 524288 pages, got 524288. held_mb=4096.0 avail_mb=48355.8
AWE chunk: requested 524288 pages, got 524288. held_mb=6144.0 avail_mb=46317.3
AWE chunk: requested 524288 pages, got 524288. held_mb=8192.0 avail_mb=44265.8
AWE chunk: requested 524288 pages, got 524288. held_mb=10240.0 avail_mb=42213.2
AWE chunk: requested 524288 pages, got 524288. held_mb=12288.0 avail_mb=40161.9
AWE chunk: requested 524288 pages, got 524288. held_mb=14336.0 avail_mb=38109.7
AWE chunk: requested 524288 pages, got 524288. held_mb=16384.0 avail_mb=36057.7
AWE chunk: requested 524288 pages, got 524288. held_mb=18432.0 avail_mb=34006.5
TARGET REACHED (or best effort). mechanism=AWE held_mb=18432.0 available_mb=31953.4 target_available_mb=31934.65396118164
2026-10-05T02:55:09Z,0.0,18432.0,31953.4,,,0.0,0.0,,,,,,0.0
2026-10-05T02:55:14Z,5.0,18432.0,31952.7,,,0.0,0.0,,,,,,0.0
2026-10-05T02:55:19Z,10.0,18432.0,31953.3,,,0.0,0.0,,,,,,0.0
2026-10-05T02:55:24Z,15.0,18432.0,31952.5,,,0.0,0.0,,,,,,0.0
2026-10-05T02:55:29Z,20.0,18432.0,31952.9,,,0.0,0.0,,,,,,0.0
2026-10-05T02:55:34Z,25.0,18432.0,31953.5,,,0.0,0.0,,,,,,0.0
2026-10-05T02:55:39Z,30.0,18432.0,31953.5,,,0.0,0.0,,,,,,0.0
2026-10-05T02:55:44Z,35.0,18432.0,31954.6,,,0.0,0.0,,,,,,0.0
2026-10-05T02:55:49Z,40.0,18432.0,31954.5,,,0.0,0.0,,,,,,0.0
2026-10-05T02:55:54Z,45.0,18432.0,31953.3,,,0.0,0.0,,,,,,0.0
2026-10-05T02:55:59Z,50.0,18432.0,31948.7,,,0.0,0.0,,,,,,0.0
2026-10-05T02:56:04Z,55.0,18432.0,31947.8,,,0.0,0.0,,,,,,0.0
2026-10-05T02:56:09Z,60.0,18432.0,31947.3,,,0.0,0.0,,,,,,0.0
2026-10-05T02:56:14Z,65.0,18432.0,31947.8,,,0.0,0.0,,,,,,0.0
2026-10-05T02:56:19Z,70.0,18432.0,31953.0,,,0.0,0.0,,,,,,0.0
2026-10-05T02:56:24Z,75.0,18432.0,31950.7,,,0.0,0.0,,,,,,0.0
2026-10-05T02:56:29Z,80.0,18432.0,31911.9,,,0.0,0.0,,,,,,0.0
2026-10-05T02:56:34Z,85.0,18432.0,31919.1,,,0.0,0.0,,,,,,0.0
2026-10-05T02:56:39Z,90.0,18432.0,31928.8,,,0.0,0.0,,,,,,0.0
2026-10-05T02:56:44Z,95.0,18432.0,31940.4,,,0.0,0.0,,,,,,0.0
2026-10-05T02:56:49Z,100.0,18432.0,31940.2,,,0.0,0.0,,,,,,0.0
2026-10-05T02:56:54Z,105.0,18432.0,31940.3,,,0.0,0.0,,,,,,0.0
2026-10-05T02:56:59Z,110.0,18432.0,31948.7,,,0.0,0.0,,,,,,0.0
2026-10-05T02:57:04Z,115.0,18432.0,31948.0,,,0.0,0.0,,,,,,0.0
2026-10-05T02:57:09Z,120.0,18432.0,31948.0,,,0.0,0.0,,,,,,0.0
2026-10-05T02:57:14Z,125.0,18432.0,31949.2,,,0.0,0.0,,,,,,0.0
2026-10-05T02:57:19Z,130.0,18432.0,31937.5,,,0.0,0.0,,,,,,0.0
2026-10-05T02:57:24Z,135.0,18432.0,31938.0,,,0.0,0.0,,,,,,0.0
2026-10-05T02:57:29Z,140.0,18432.0,31942.1,,,0.0,0.0,,,,,,0.0
2026-10-05T02:57:34Z,145.0,18432.0,31943.1,,,0.0,0.0,,,,,,0.0
2026-10-05T02:57:39Z,150.0,18432.0,31944.1,,,0.0,0.0,,,,,,0.0
2026-10-05T02:57:44Z,155.0,18432.0,31943.8,,,0.0,0.0,,,,,,0.0
2026-10-05T02:57:49Z,160.0,18432.0,31944.2,,,0.0,0.0,,,,,,0.0
2026-10-05T02:57:54Z,165.0,18432.0,31941.3,,,0.0,0.0,,,,,,0.0
2026-10-05T02:57:59Z,170.0,18432.0,31940.1,,,0.0,0.0,,,,,,0.0
2026-10-05T02:58:04Z,175.0,18432.0,31939.7,,,0.0,0.0,,,,,,0.0
2026-10-05T02:58:09Z,180.0,18432.0,31938.7,,,0.0,0.0,,,,,,0.0
2026-10-05T02:58:14Z,185.0,18432.0,31937.9,,,0.0,0.0,,,,,,0.0
2026-10-05T02:58:19Z,190.0,18432.0,31938.6,,,0.0,0.0,,,,,,0.0
2026-10-05T02:58:24Z,195.0,18432.0,31939.4,,,0.0,0.0,,,,,,0.0
2026-10-05T02:58:29Z,200.0,18432.0,31941.5,,,0.0,0.0,,,,,,0.0
2026-10-05T02:58:34Z,205.0,18432.0,31943.8,,,0.0,0.0,,,,,,0.0
2026-10-05T02:58:39Z,210.0,18432.0,31950.6,,,0.0,0.0,,,,,,0.0
2026-10-05T02:58:44Z,215.0,18432.0,31905.1,,,0.0,0.0,,,,,,0.0
2026-10-05T02:58:49Z,220.0,18432.0,31912.2,,,0.0,0.0,,,,,,0.0
2026-10-05T02:58:54Z,225.0,18432.0,31914.7,,,0.0,0.0,,,,,,0.0
2026-10-05T02:58:59Z,230.0,18432.0,31909.4,,,0.0,0.0,,,,,,0.0
2026-10-05T02:59:04Z,235.0,18432.0,31910.5,,,0.0,0.0,,,,,,0.0
2026-10-05T02:59:09Z,240.0,18432.0,31910.8,,,0.0,0.0,,,,,,0.0
2026-10-05T02:59:14Z,245.0,18432.0,31912.5,,,0.0,0.0,,,,,,0.0
2026-10-05T02:59:19Z,250.0,18432.0,31918.8,,,0.0,0.0,,,,,,0.0
2026-10-05T02:59:24Z,255.0,18432.0,31923.6,,,0.0,0.0,,,,,,0.0
2026-10-05T02:59:29Z,260.0,18432.0,31927.1,,,0.0,0.0,,,,,,0.0
2026-10-05T02:59:34Z,265.0,18432.0,31928.8,,,0.0,0.0,,,,,,0.0
2026-10-05T02:59:39Z,270.0,18432.0,31926.7,,,0.0,0.0,,,,,,0.0
2026-10-05T02:59:44Z,275.0,18432.0,31926.9,,,0.0,0.0,,,,,,0.0
2026-10-05T02:59:49Z,280.0,18432.0,31927.9,,,0.0,0.0,,,,,,0.0
2026-10-05T02:59:54Z,285.0,18432.0,31928.1,,,0.0,0.0,,,,,,0.0
2026-10-05T02:59:59Z,290.0,18432.0,31922.2,,,0.0,0.0,,,,,,0.0
2026-10-05T03:00:04Z,295.0,18432.0,31924.6,,,0.0,0.0,,,,,,0.0
2026-10-05T03:00:09Z,300.0,18432.0,31923.7,,,0.0,0.0,,,,,,0.0
2026-10-05T03:00:14Z,305.0,18432.0,31923.8,,,0.0,0.0,,,,,,0.0
2026-10-05T03:00:19Z,310.0,18432.0,31924.1,,,0.0,0.0,,,,,,0.0
2026-10-05T03:00:24Z,315.0,18432.0,31925.6,,,0.0,0.0,,,,,,0.0
2026-10-05T03:00:29Z,320.0,18432.0,31927.4,,,0.0,0.0,,,,,,0.0
2026-10-05T03:00:34Z,325.0,18432.0,31929.1,,,0.0,0.0,,,,,,0.0
2026-10-05T03:00:39Z,330.0,18432.0,31929.8,,,0.0,0.0,,,,,,0.0
2026-10-05T03:00:44Z,335.0,18432.0,31929.7,,,0.0,0.0,,,,,,0.0
2026-10-05T03:00:49Z,340.0,18432.0,31930.8,,,0.0,0.0,,,,,,0.0
2026-10-05T03:00:54Z,345.0,18432.0,31931.1,,,0.0,0.0,,,,,,0.0
2026-10-05T03:00:59Z,350.1,18432.0,31925.8,,,0.0,0.0,,,,,,0.0
2026-10-05T03:01:04Z,355.1,18432.0,31926.0,,,0.0,0.0,,,,,,0.0
2026-10-05T03:01:09Z,360.1,18432.0,31926.1,,,0.0,0.0,,,,,,0.0
2026-10-05T03:01:14Z,365.1,18432.0,31926.4,,,0.0,0.0,,,,,,0.0
2026-10-05T03:01:19Z,370.1,18432.0,31926.5,,,0.0,0.0,,,,,,0.0
2026-10-05T03:01:24Z,375.1,18432.0,31927.4,,,0.0,0.0,,,,,,0.0
2026-10-05T03:01:29Z,380.1,18432.0,31928.0,,,0.0,0.0,,,,,,0.0
2026-10-05T03:01:34Z,385.1,18432.0,31928.9,,,0.0,0.0,,,,,,0.0
2026-10-05T03:01:39Z,390.1,18432.0,31929.6,,,0.0,0.0,,,,,,0.0
2026-10-05T03:01:44Z,395.1,18432.0,31930.0,,,0.0,0.0,,,,,,0.0
2026-10-05T03:01:49Z,400.1,18432.0,31934.0,,,0.0,0.0,,,,,,0.0
2026-10-05T03:01:54Z,405.1,18432.0,31935.0,,,0.0,0.0,,,,,,0.0
2026-10-05T03:01:59Z,410.1,18432.0,31934.2,,,0.0,0.0,,,,,,0.0
2026-10-05T03:02:04Z,415.1,18432.0,31932.5,,,0.0,0.0,,,,,,0.0
2026-10-05T03:02:09Z,420.1,18432.0,31931.7,,,0.0,0.0,,,,,,0.0
2026-10-05T03:02:14Z,425.1,18432.0,31931.6,,,0.0,0.0,,,,,,0.0
2026-10-05T03:02:19Z,430.1,18432.0,31930.9,,,0.0,0.0,,,,,,0.0
2026-10-05T03:02:24Z,435.1,18432.0,31931.2,,,0.0,0.0,,,,,,0.0
2026-10-05T03:02:29Z,440.1,18432.0,31932.7,,,0.0,0.0,,,,,,0.0
2026-10-05T03:02:34Z,445.1,18432.0,31933.2,,,0.0,0.0,,,,,,0.0
2026-10-05T03:02:39Z,450.1,18432.0,31934.7,,,0.0,0.0,,,,,,0.0
2026-10-05T03:02:44Z,455.1,18432.0,31934.8,,,0.0,0.0,,,,,,0.0
2026-10-05T03:02:49Z,460.1,18432.0,31934.5,,,0.0,0.0,,,,,,0.0
2026-10-05T03:02:54Z,465.1,18432.0,31934.7,,,0.0,0.0,,,,,,0.0
2026-10-05T03:02:59Z,470.1,18432.0,31931.6,,,0.0,0.0,,,,,,0.0
2026-10-05T03:03:04Z,475.1,18432.0,31930.9,,,0.0,0.0,,,,,,0.0
2026-10-05T03:03:09Z,480.1,18432.0,31931.6,,,0.0,0.0,,,,,,0.0
2026-10-05T03:03:14Z,485.1,18432.0,31931.3,,,0.0,0.0,,,,,,0.0
2026-10-05T03:03:19Z,490.1,18432.0,31932.6,,,0.0,0.0,,,,,,0.0
2026-10-05T03:03:24Z,495.1,18432.0,31932.8,,,0.0,0.0,,,,,,0.0
2026-10-05T03:03:29Z,500.1,18432.0,31933.8,,,0.0,0.0,,,,,,0.0
2026-10-05T03:03:34Z,505.1,18432.0,31935.5,,,0.0,0.0,,,,,,0.0
2026-10-05T03:03:39Z,510.1,18432.0,31936.7,,,0.0,0.0,,,,,,0.0
2026-10-05T03:03:44Z,515.1,18432.0,31932.2,,,0.0,0.0,,,,,,0.0
2026-10-05T03:03:49Z,520.1,18432.0,31932.3,,,0.0,0.0,,,,,,0.0
2026-10-05T03:03:54Z,525.1,18432.0,31932.8,,,0.0,0.0,,,,,,0.0
2026-10-05T03:03:59Z,530.1,18432.0,31929.2,,,0.0,0.0,,,,,,0.0
2026-10-05T03:04:04Z,535.1,18432.0,31927.2,,,0.0,0.0,,,,,,0.0
2026-10-05T03:04:09Z,540.1,18432.0,31929.5,,,0.0,0.0,,,,,,0.0
2026-10-05T03:04:14Z,545.1,18432.0,31932.7,,,0.0,0.0,,,,,,0.0
2026-10-05T03:04:19Z,550.1,18432.0,31938.2,,,0.0,0.0,,,,,,0.0
2026-10-05T03:04:24Z,555.1,18432.0,31937.3,,,0.0,0.0,,,,,,0.0
2026-10-05T03:04:29Z,560.1,18432.0,31939.4,,,0.0,0.0,,,,,,0.0
2026-10-05T03:04:34Z,565.1,18432.0,31940.6,,,0.0,0.0,,,,,,0.0
2026-10-05T03:04:39Z,570.1,18432.0,31941.3,,,0.0,0.0,,,,,,0.0
2026-10-05T03:04:44Z,575.1,18432.0,31939.6,,,0.0,0.0,,,,,,0.0
2026-10-05T03:04:49Z,580.1,18432.0,31939.7,,,0.0,0.0,,,,,,0.0
2026-10-05T03:04:54Z,585.1,18432.0,31939.5,,,0.0,0.0,,,,,,0.0
2026-10-05T03:04:59Z,590.1,18432.0,31934.0,,,0.0,0.0,,,,,,0.0
2026-10-05T03:05:04Z,595.1,18432.0,31933.9,,,0.0,0.0,,,,,,0.0
2026-10-05T03:05:09Z,600.1,18432.0,31911.5,,,0.0,0.0,,,,,,0.0
2026-10-05T03:05:14Z,605.1,18432.0,31922.1,,,0.0,0.0,,,,,,0.0
2026-10-05T03:05:19Z,610.1,18432.0,31922.3,,,0.0,0.0,,,,,,0.0
2026-10-05T03:05:24Z,615.1,18432.0,31922.2,,,0.0,0.0,,,,,,0.0
2026-10-05T03:05:29Z,620.1,18432.0,31924.1,,,0.0,0.0,,,,,,0.0
2026-10-05T03:05:34Z,625.1,18432.0,31926.6,,,0.0,0.0,,,,,,0.0
2026-10-05T03:05:39Z,630.1,18432.0,31927.2,,,0.0,0.0,,,,,,0.0
2026-10-05T03:05:44Z,635.1,18432.0,31927.1,,,0.0,0.0,,,,,,0.0
2026-10-05T03:05:49Z,640.1,18432.0,31928.5,,,0.0,0.0,,,,,,0.0
2026-10-05T03:05:54Z,645.1,18432.0,31928.9,,,0.0,0.0,,,,,,0.0
2026-10-05T03:05:59Z,650.1,18432.0,31922.1,,,0.0,0.0,,,,,,0.0
2026-10-05T03:06:04Z,655.1,18432.0,31920.9,,,0.0,0.0,,,,,,0.0
2026-10-05T03:06:09Z,660.1,18432.0,31921.7,,,0.0,0.0,,,,,,0.0
2026-10-05T03:06:14Z,665.1,18432.0,31920.6,,,0.0,0.0,,,,,,0.0
2026-10-05T03:06:19Z,670.1,18432.0,31921.5,,,0.0,0.0,,,,,,0.0
2026-10-05T03:06:24Z,675.1,18432.0,31923.7,,,0.0,0.0,,,,,,0.0
2026-10-05T03:06:29Z,680.1,18432.0,31924.6,,,0.0,0.0,,,,,,0.0
2026-10-05T03:06:34Z,685.1,18432.0,31926.2,,,0.0,0.0,,,,,,0.0
2026-10-05T03:06:39Z,690.1,18432.0,31931.5,,,0.0,0.0,,,,,,0.0
2026-10-05T03:06:44Z,695.1,18432.0,31930.4,,,0.0,0.0,,,,,,0.0
2026-10-05T03:06:49Z,700.1,18432.0,31930.1,,,0.0,0.0,,,,,,0.0
2026-10-05T03:06:54Z,705.1,18432.0,31929.6,,,0.0,0.0,,,,,,0.0
2026-10-05T03:06:59Z,710.1,18432.0,31924.0,,,0.0,0.0,,,,,,0.0
2026-10-05T03:07:04Z,715.1,18432.0,31923.7,,,0.0,0.0,,,,,,0.0
2026-10-05T03:07:09Z,720.1,18432.0,31923.5,,,0.0,0.0,,,,,,0.0
2026-10-05T03:07:14Z,725.1,18432.0,31922.9,,,0.0,0.0,,,,,,0.0
2026-10-05T03:07:19Z,730.1,18432.0,31921.5,,,0.0,0.0,,,,,,0.0
2026-10-05T03:07:24Z,735.1,18432.0,31925.0,,,0.0,0.0,,,,,,0.0
2026-10-05T03:07:29Z,740.1,18432.0,31928.0,,,0.0,0.0,,,,,,0.0
2026-10-05T03:07:34Z,745.1,18432.0,31929.2,,,0.0,0.0,,,,,,0.0
2026-10-05T03:07:39Z,750.1,18432.0,31930.8,,,0.0,0.0,,,,,,0.0
2026-10-05T03:07:44Z,755.1,18432.0,31930.6,,,0.0,0.0,,,,,,0.0
2026-10-05T03:07:49Z,760.1,18432.0,31930.5,,,0.0,0.0,,,,,,0.0
2026-10-05T03:07:54Z,765.1,18432.0,31930.7,,,0.0,0.0,,,,,,0.0
2026-10-05T03:07:59Z,770.1,18432.0,31925.9,,,0.0,0.0,,,,,,0.0
2026-10-05T03:08:04Z,775.1,18432.0,31925.0,,,0.0,0.0,,,,,,0.0
2026-10-05T03:08:09Z,780.1,18432.0,31925.8,,,0.0,0.0,,,,,,0.0
2026-10-05T03:08:14Z,785.1,18432.0,31926.3,,,0.0,0.0,,,,,,0.0
2026-10-05T03:08:19Z,790.1,18432.0,31926.5,,,0.0,0.0,,,,,,0.0
2026-10-05T03:08:24Z,795.1,18432.0,31924.6,,,0.0,0.0,,,,,,0.0
2026-10-05T03:08:29Z,800.1,18432.0,31927.1,,,0.0,0.0,,,,,,0.0
2026-10-05T03:08:34Z,805.1,18432.0,31929.1,,,0.0,0.0,,,,,,0.0
2026-10-05T03:08:39Z,810.1,18432.0,31928.3,,,0.0,0.0,,,,,,0.0
2026-10-05T03:08:44Z,815.1,18432.0,31928.3,,,0.0,0.0,,,,,,0.0
2026-10-05T03:08:49Z,820.1,18432.0,31922.3,,,0.0,0.0,,,,,,0.0
