SeLockMemoryPrivilege: ENABLED -- SeLockMemoryPrivilege enabled on this process's token
AWE chunk: requested 524288 pages, got 524288. held_mb=2048.0 avail_mb=60709.9
AWE chunk: requested 524288 pages, got 524288. held_mb=4096.0 avail_mb=58669.8
AWE chunk: requested 524288 pages, got 524288. held_mb=6144.0 avail_mb=56613.1
AWE chunk: requested 524288 pages, got 524288. held_mb=8192.0 avail_mb=54561.9
AWE chunk: requested 524288 pages, got 524288. held_mb=10240.0 avail_mb=52515.9
AWE chunk: requested 524288 pages, got 524288. held_mb=12288.0 avail_mb=50460.1
AWE chunk: requested 524288 pages, got 524288. held_mb=14336.0 avail_mb=48410.3
AWE chunk: requested 524288 pages, got 524288. held_mb=16384.0 avail_mb=46358.4
AWE chunk: requested 524288 pages, got 524288. held_mb=18432.0 avail_mb=44306.0
AWE chunk: requested 524288 pages, got 524288. held_mb=20480.0 avail_mb=42255.9
AWE chunk: requested 524288 pages, got 524288. held_mb=22528.0 avail_mb=40203.9
AWE chunk: requested 524288 pages, got 524288. held_mb=24576.0 avail_mb=38151.8
AWE chunk: requested 524288 pages, got 524288. held_mb=26624.0 avail_mb=36099.8
AWE chunk: requested 524288 pages, got 524288. held_mb=28672.0 avail_mb=34046.2
AWE chunk: requested 524288 pages, got 524288. held_mb=30720.0 avail_mb=31994.1
AWE chunk: requested 524288 pages, got 524288. held_mb=32768.0 avail_mb=29940.4
AWE chunk: requested 524288 pages, got 524288. held_mb=34816.0 avail_mb=27854.3
AWE chunk: requested 524288 pages, got 524288. held_mb=36864.0 avail_mb=25845.1
AWE chunk: requested 524288 pages, got 524288. held_mb=38912.0 avail_mb=23792.8
AWE chunk: requested 524288 pages, got 524288. held_mb=40960.0 avail_mb=21740.6
AWE chunk: requested 524288 pages, got 524288. held_mb=43008.0 avail_mb=19687.7
AWE chunk: requested 524288 pages, got 524288. held_mb=45056.0 avail_mb=17638.2
AWE chunk: requested 524288 pages, got 524288. held_mb=47104.0 avail_mb=15585.7
AWE chunk: requested 524288 pages, got 524288. held_mb=49152.0 avail_mb=13548.4
AWE chunk: requested 524288 pages, got 524288. held_mb=51200.0 avail_mb=11483.0
AWE chunk: requested 524288 pages, got 524288. held_mb=53248.0 avail_mb=9466.2
TARGET REACHED (or best effort). mechanism=AWE held_mb=53248.0 available_mb=7390.3 target_available_mb=7213.200000000001
2026-09-26T07:27:56Z,0.0,53248.0,7390.3,,,0.0,0.0,,,,,,0.0
2026-09-26T07:28:01Z,5.0,53248.0,7430.0,,,0.0,0.0,,,,,,0.0
2026-09-26T07:28:06Z,10.0,53248.0,7397.9,,,0.0,0.0,,,,,,0.0
2026-09-26T07:28:11Z,15.0,53248.0,7431.0,,,0.0,0.0,,,,,,0.0
2026-09-26T07:28:16Z,20.0,53248.0,7397.5,,,0.0,0.0,,,,,,0.0
2026-09-26T07:28:21Z,25.0,53248.0,2620.6,,,0.0,0.0,,,,,,0.0
2026-09-26T07:28:26Z,30.0,53248.0,774.1,,,0.0,0.0,,,,,,0.0
2026-09-26T07:28:31Z,35.0,53248.0,699.9,,,0.0,0.0,,,,,,0.0
2026-09-26T07:28:36Z,40.0,53248.0,128.7,,,0.0,0.0,,,,,,0.0
2026-09-26T07:28:41Z,45.0,53248.0,473.2,,,0.0,0.0,,,,,,0.0
2026-09-26T07:28:46Z,50.0,53248.0,507.2,,,0.0,0.0,,,,,,0.0
2026-09-26T07:28:51Z,55.0,53248.0,572.2,,,0.0,0.0,,,,,,0.0
2026-09-26T07:28:56Z,60.0,53248.0,534.5,,,0.0,0.0,,,,,,0.0
2026-09-26T07:29:01Z,65.0,53248.0,557.4,,,0.0,0.0,,,,,,0.0
2026-09-26T07:29:06Z,70.0,53248.0,487.3,,,0.0,0.0,,,,,,0.0
2026-09-26T07:29:11Z,75.0,53248.0,510.2,,,0.0,0.0,,,,,,0.0
2026-09-26T07:29:16Z,80.0,53248.0,487.8,,,0.0,0.0,,,,,,0.0
2026-09-26T07:29:21Z,85.0,53248.0,513.5,,,0.0,0.0,,,,,,0.0
2026-09-26T07:29:26Z,90.0,53248.0,475.2,,,0.0,0.0,,,,,,0.0
2026-09-26T07:29:31Z,95.0,53248.0,500.5,,,0.0,0.0,,,,,,0.0
2026-09-26T07:29:36Z,100.0,53248.0,504.5,,,0.0,0.0,,,,,,0.0
2026-09-26T07:29:41Z,105.0,53248.0,504.7,,,0.0,0.0,,,,,,0.0
2026-09-26T07:29:46Z,110.0,53248.0,505.6,,,0.0,0.0,,,,,,0.0
2026-09-26T07:29:51Z,115.0,53248.0,501.5,,,0.0,0.0,,,,,,0.0
2026-09-26T07:29:56Z,120.0,53248.0,454.9,,,0.0,0.0,,,,,,0.0
2026-09-26T07:30:01Z,125.0,53248.0,502.8,,,0.0,0.0,,,,,,0.0
2026-09-26T07:30:06Z,130.0,53248.0,470.7,,,0.0,0.0,,,,,,0.0
2026-09-26T07:30:11Z,135.0,53248.0,499.9,,,0.0,0.0,,,,,,0.0
2026-09-26T07:30:16Z,140.0,53248.0,462.0,,,0.0,0.0,,,,,,0.0
2026-09-26T07:30:21Z,145.0,53248.0,504.0,,,0.0,0.0,,,,,,0.0
2026-09-26T07:30:26Z,150.0,53248.0,504.9,,,0.0,0.0,,,,,,0.0
2026-09-26T07:30:31Z,155.0,53248.0,505.0,,,0.0,0.0,,,,,,0.0
2026-09-26T07:30:36Z,160.0,53248.0,505.3,,,0.0,0.0,,,,,,0.0
2026-09-26T07:30:41Z,165.0,53248.0,499.0,,,0.0,0.0,,,,,,0.0
2026-09-26T07:30:46Z,170.0,53248.0,510.4,,,0.0,0.0,,,,,,0.0
2026-09-26T07:30:51Z,175.0,53248.0,501.9,,,0.0,0.0,,,,,,0.0
2026-09-26T07:30:56Z,180.0,53248.0,503.7,,,0.0,0.0,,,,,,0.0
2026-09-26T07:31:01Z,185.0,53248.0,499.0,,,0.0,0.0,,,,,,0.0
2026-09-26T07:31:06Z,190.0,53248.0,496.0,,,0.0,0.0,,,,,,0.0
2026-09-26T07:31:11Z,195.0,53248.0,499.9,,,0.0,0.0,,,,,,0.0
2026-09-26T07:31:16Z,200.0,53248.0,510.7,,,0.0,0.0,,,,,,0.0
2026-09-26T07:31:21Z,205.0,53248.0,479.4,,,0.0,0.0,,,,,,0.0
2026-09-26T07:31:26Z,210.0,53248.0,503.4,,,0.0,0.0,,,,,,0.0
2026-09-26T07:31:31Z,215.0,53248.0,500.5,,,0.0,0.0,,,,,,0.0
2026-09-26T07:31:36Z,220.0,53248.0,507.6,,,0.0,0.0,,,,,,0.0
2026-09-26T07:31:41Z,225.0,53248.0,493.0,,,0.0,0.0,,,,,,0.0
2026-09-26T07:31:46Z,230.0,53248.0,498.7,,,0.0,0.0,,,,,,0.0
2026-09-26T07:31:51Z,235.0,53248.0,500.1,,,0.0,0.0,,,,,,0.0
2026-09-26T07:31:56Z,240.0,53248.0,465.5,,,0.0,0.0,,,,,,0.0
2026-09-26T07:32:01Z,245.0,53248.0,498.0,,,0.0,0.0,,,,,,0.0
2026-09-26T07:32:06Z,250.0,53248.0,465.6,,,0.0,0.0,,,,,,0.0
2026-09-26T07:32:11Z,255.0,53248.0,494.0,,,0.0,0.0,,,,,,0.0
2026-09-26T07:32:16Z,260.0,53248.0,446.7,,,0.0,0.0,,,,,,0.0
2026-09-26T07:32:21Z,265.0,53248.0,505.1,,,0.0,0.0,,,,,,0.0
2026-09-26T07:32:26Z,270.0,53248.0,470.5,,,0.0,0.0,,,,,,0.0
2026-09-26T07:32:31Z,275.0,53248.0,498.7,,,0.0,0.0,,,,,,0.0
2026-09-26T07:32:36Z,280.0,53248.0,492.6,,,0.0,0.0,,,,,,0.0
2026-09-26T07:32:41Z,285.0,53248.0,498.7,,,0.0,0.0,,,,,,0.0
2026-09-26T07:32:46Z,290.0,53248.0,493.0,,,0.0,0.0,,,,,,0.0
2026-09-26T07:32:51Z,295.0,53248.0,497.1,,,0.0,0.0,,,,,,0.0
2026-09-26T07:32:56Z,300.0,53248.0,487.9,,,0.0,0.0,,,,,,0.0
2026-09-26T07:33:01Z,305.0,53248.0,498.5,,,0.0,0.0,,,,,,0.0
2026-09-26T07:33:06Z,310.0,53248.0,488.2,,,0.0,0.0,,,,,,0.0
2026-09-26T07:33:11Z,315.0,53248.0,495.6,,,0.0,0.0,,,,,,0.0
2026-09-26T07:33:16Z,320.0,53248.0,488.2,,,0.0,0.0,,,,,,0.0
2026-09-26T07:33:21Z,325.0,53248.0,501.4,,,0.0,0.0,,,,,,0.0
2026-09-26T07:33:26Z,330.0,53248.0,492.8,,,0.0,0.0,,,,,,0.0
2026-09-26T07:33:31Z,335.0,53248.0,499.5,,,0.0,0.0,,,,,,0.0
2026-09-26T07:33:36Z,340.0,53248.0,492.8,,,0.0,0.0,,,,,,0.0
2026-09-26T07:33:41Z,345.0,53248.0,497.9,,,0.0,0.0,,,,,,0.0
2026-09-26T07:33:46Z,350.1,53248.0,488.3,,,0.0,0.0,,,,,,0.0
2026-09-26T07:33:51Z,355.1,53248.0,503.9,,,0.0,0.0,,,,,,0.0
2026-09-26T07:33:56Z,360.1,53248.0,494.4,,,0.0,0.0,,,,,,0.0
2026-09-26T07:34:01Z,365.1,53248.0,480.2,,,0.0,0.0,,,,,,0.0
2026-09-26T07:34:06Z,370.1,53248.0,500.0,,,0.0,0.0,,,,,,0.0
2026-09-26T07:34:11Z,375.1,53248.0,497.7,,,0.0,0.0,,,,,,0.0
2026-09-26T07:34:16Z,380.1,53248.0,506.2,,,0.0,0.0,,,,,,0.0
2026-09-26T07:34:21Z,385.1,53248.0,475.4,,,0.0,0.0,,,,,,0.0
2026-09-26T07:34:26Z,390.1,53248.0,511.5,,,0.0,0.0,,,,,,0.0
2026-09-26T07:34:31Z,395.1,53248.0,500.6,,,0.0,0.0,,,,,,0.0
2026-09-26T07:34:36Z,400.1,53248.0,507.0,,,0.0,0.0,,,,,,0.0
2026-09-26T07:34:41Z,405.1,53248.0,498.1,,,0.0,0.0,,,,,,0.0
2026-09-26T07:34:46Z,410.1,53248.0,502.2,,,0.0,0.0,,,,,,0.0
2026-09-26T07:34:51Z,415.1,53248.0,499.3,,,0.0,0.0,,,,,,0.0
2026-09-26T07:34:56Z,420.1,53248.0,513.2,,,0.0,0.0,,,,,,0.0
2026-09-26T07:35:01Z,425.1,53248.0,501.1,,,0.0,0.0,,,,,,0.0
2026-09-26T07:35:06Z,430.1,53248.0,512.3,,,0.0,0.0,,,,,,0.0
2026-09-26T07:35:11Z,435.1,53248.0,495.8,,,0.0,0.0,,,,,,0.0
2026-09-26T07:35:16Z,440.1,53248.0,503.3,,,0.0,0.0,,,,,,0.0
2026-09-26T07:35:21Z,445.1,53248.0,497.0,,,0.0,0.0,,,,,,0.0
2026-09-26T07:35:26Z,450.1,53248.0,508.9,,,0.0,0.0,,,,,,0.0
2026-09-26T07:35:31Z,455.1,53248.0,503.5,,,0.0,0.0,,,,,,0.0
2026-09-26T07:35:36Z,460.1,53248.0,503.2,,,0.0,0.0,,,,,,0.0
2026-09-26T07:35:41Z,465.1,53248.0,496.9,,,0.0,0.0,,,,,,0.0
2026-09-26T07:35:46Z,470.1,53248.0,498.2,,,0.0,0.0,,,,,,0.0
2026-09-26T07:35:51Z,475.1,53248.0,495.4,,,0.0,0.0,,,,,,0.0
2026-09-26T07:35:56Z,480.1,53248.0,501.2,,,0.0,0.0,,,,,,0.0
2026-09-26T07:36:01Z,485.1,53248.0,494.1,,,0.0,0.0,,,,,,0.0
2026-09-26T07:36:06Z,490.1,53248.0,499.3,,,0.0,0.0,,,,,,0.0
2026-09-26T07:36:11Z,495.1,53248.0,502.4,,,0.0,0.0,,,,,,0.0
2026-09-26T07:36:16Z,500.1,53248.0,503.1,,,0.0,0.0,,,,,,0.0
2026-09-26T07:36:21Z,505.1,53248.0,494.0,,,0.0,0.0,,,,,,0.0
2026-09-26T07:36:26Z,510.1,53248.0,502.7,,,0.0,0.0,,,,,,0.0
2026-09-26T07:36:31Z,515.1,53248.0,500.1,,,0.0,0.0,,,,,,0.0
2026-09-26T07:36:36Z,520.1,53248.0,492.4,,,0.0,0.0,,,,,,0.0
2026-09-26T07:36:41Z,525.1,53248.0,498.4,,,0.0,0.0,,,,,,0.0
2026-09-26T07:36:46Z,530.1,53248.0,498.8,,,0.0,0.0,,,,,,0.0
2026-09-26T07:36:51Z,535.1,53248.0,496.8,,,0.0,0.0,,,,,,0.0
2026-09-26T07:36:56Z,540.1,53248.0,505.7,,,0.0,0.0,,,,,,0.0
2026-09-26T07:37:01Z,545.1,53248.0,503.7,,,0.0,0.0,,,,,,0.0
2026-09-26T07:37:06Z,550.1,53248.0,502.2,,,0.0,0.0,,,,,,0.0
2026-09-26T07:37:11Z,555.1,53248.0,506.7,,,0.0,0.0,,,,,,0.0
2026-09-26T07:37:16Z,560.1,53248.0,500.0,,,0.0,0.0,,,,,,0.0
2026-09-26T07:37:21Z,565.1,53248.0,497.7,,,0.0,0.0,,,,,,0.0
2026-09-26T07:37:26Z,570.1,53248.0,503.2,,,0.0,0.0,,,,,,0.0
2026-09-26T07:37:31Z,575.1,53248.0,504.8,,,0.0,0.0,,,,,,0.0
2026-09-26T07:37:36Z,580.1,53248.0,502.6,,,0.0,0.0,,,,,,0.0
2026-09-26T07:37:41Z,585.1,53248.0,499.9,,,0.0,0.0,,,,,,0.0
2026-09-26T07:37:46Z,590.1,53248.0,488.4,,,0.0,0.0,,,,,,0.0
2026-09-26T07:37:51Z,595.1,53248.0,496.5,,,0.0,0.0,,,,,,0.0
2026-09-26T07:37:56Z,600.1,53248.0,496.2,,,0.0,0.0,,,,,,0.0
2026-09-26T07:38:01Z,605.1,53248.0,493.7,,,0.0,0.0,,,,,,0.0
2026-09-26T07:38:06Z,610.1,53248.0,491.9,,,0.0,0.0,,,,,,0.0
2026-09-26T07:38:11Z,615.1,53248.0,492.6,,,0.0,0.0,,,,,,0.0
2026-09-26T07:38:16Z,620.1,53248.0,491.9,,,0.0,0.0,,,,,,0.0
2026-09-26T07:38:21Z,625.1,53248.0,38.1,,,0.0,0.0,,,,,,0.0
2026-09-26T07:38:26Z,630.1,53248.0,531.1,,,0.0,0.0,,,,,,0.0
2026-09-26T07:38:31Z,635.1,53248.0,428.7,,,0.0,0.0,,,,,,0.0
2026-09-26T07:38:36Z,640.1,53248.0,124.5,,,0.0,0.0,,,,,,0.0
2026-09-26T07:38:41Z,645.1,53248.0,271.3,,,0.0,0.0,,,,,,0.0
2026-09-26T07:38:46Z,650.1,53248.0,336.5,,,0.0,0.0,,,,,,0.0
2026-09-26T07:38:51Z,655.1,53248.0,343.1,,,0.0,0.0,,,,,,0.0
2026-09-26T07:38:56Z,660.1,53248.0,311.2,,,0.0,0.0,,,,,,0.0
2026-09-26T07:39:01Z,665.1,53248.0,318.0,,,0.0,0.0,,,,,,0.0
2026-09-26T07:39:06Z,670.1,53248.0,308.9,,,0.0,0.0,,,,,,0.0
2026-09-26T07:39:11Z,675.1,53248.0,302.8,,,0.0,0.0,,,,,,0.0
2026-09-26T07:39:16Z,680.1,53248.0,326.5,,,0.0,0.0,,,,,,0.0
2026-09-26T07:39:21Z,685.1,53248.0,313.1,,,0.0,0.0,,,,,,0.0
2026-09-26T07:39:26Z,690.1,53248.0,388.6,,,0.0,0.0,,,,,,0.0
2026-09-26T07:39:31Z,695.1,53248.0,382.8,,,0.0,0.0,,,,,,0.0
2026-09-26T07:39:36Z,700.1,53248.0,373.7,,,0.0,0.0,,,,,,0.0
2026-09-26T07:39:41Z,705.1,53248.0,376.5,,,0.0,0.0,,,,,,0.0
2026-09-26T07:39:46Z,710.1,53248.0,371.7,,,0.0,0.0,,,,,,0.0
2026-09-26T07:39:51Z,715.1,53248.0,368.6,,,0.0,0.0,,,,,,0.0
2026-09-26T07:39:56Z,720.1,53248.0,290.2,,,0.0,0.0,,,,,,0.0
2026-09-26T07:40:01Z,725.1,53248.0,716.0,,,0.0,0.0,,,,,,0.0
2026-09-26T07:40:06Z,730.1,53248.0,411.9,,,0.0,0.0,,,,,,0.0
2026-09-26T07:40:11Z,735.1,53248.0,312.8,,,0.0,0.0,,,,,,0.0
2026-09-26T07:40:16Z,740.1,53248.0,447.3,,,0.0,0.0,,,,,,0.0
2026-09-26T07:40:21Z,745.1,53248.0,408.4,,,0.0,0.0,,,,,,0.0
2026-09-26T07:40:26Z,750.1,53248.0,361.6,,,0.0,0.0,,,,,,0.0
2026-09-26T07:40:31Z,755.1,53248.0,357.1,,,0.0,0.0,,,,,,0.0
2026-09-26T07:40:36Z,760.1,53248.0,368.1,,,0.0,0.0,,,,,,0.0
2026-09-26T07:40:41Z,765.1,53248.0,350.2,,,0.0,0.0,,,,,,0.0
2026-09-26T07:40:46Z,770.1,53248.0,349.0,,,0.0,0.0,,,,,,0.0
2026-09-26T07:40:51Z,775.1,53248.0,346.9,,,0.0,0.0,,,,,,0.0
2026-09-26T07:40:56Z,780.1,53248.0,342.0,,,0.0,0.0,,,,,,0.0
2026-09-26T07:41:01Z,785.1,53248.0,382.0,,,0.0,0.0,,,,,,0.0
2026-09-26T07:41:06Z,790.1,53248.0,383.9,,,0.0,0.0,,,,,,0.0
2026-09-26T07:41:11Z,795.1,53248.0,448.0,,,0.0,0.0,,,,,,0.0
2026-09-26T07:41:16Z,800.1,53248.0,447.2,,,0.0,0.0,,,,,,0.0
2026-09-26T07:41:21Z,805.1,53248.0,430.1,,,0.0,0.0,,,,,,0.0
2026-09-26T07:41:26Z,810.1,53248.0,436.7,,,0.0,0.0,,,,,,0.0
2026-09-26T07:41:31Z,815.1,53248.0,721.6,,,0.0,0.0,,,,,,0.0
2026-09-26T07:41:36Z,820.1,53248.0,611.5,,,0.0,0.0,,,,,,0.0
2026-09-26T07:41:41Z,825.1,53248.0,444.4,,,0.0,0.0,,,,,,0.0
2026-09-26T07:41:46Z,830.1,53248.0,375.5,,,0.0,0.0,,,,,,0.0
2026-09-26T07:41:51Z,835.1,53248.0,467.7,,,0.0,0.0,,,,,,0.0
2026-09-26T07:41:56Z,840.1,53248.0,445.0,,,0.0,0.0,,,,,,0.0
2026-09-26T07:42:01Z,845.1,53248.0,443.9,,,0.0,0.0,,,,,,0.0
2026-09-26T07:42:06Z,850.1,53248.0,435.6,,,0.0,0.0,,,,,,0.0
2026-09-26T07:42:11Z,855.1,53248.0,417.1,,,0.0,0.0,,,,,,0.0
2026-09-26T07:42:16Z,860.1,53248.0,423.3,,,0.0,0.0,,,,,,0.0
2026-09-26T07:42:21Z,865.1,53248.0,421.3,,,0.0,0.0,,,,,,0.0
2026-09-26T07:42:26Z,870.1,53248.0,363.2,,,0.0,0.0,,,,,,0.0
2026-09-26T07:42:31Z,875.1,53248.0,395.4,,,0.0,0.0,,,,,,0.0
2026-09-26T07:42:36Z,880.1,53248.0,354.6,,,0.0,0.0,,,,,,0.0
2026-09-26T07:42:41Z,885.1,53248.0,389.4,,,0.0,0.0,,,,,,0.0
2026-09-26T07:42:46Z,890.2,53248.0,323.1,,,0.0,0.0,,,,,,0.0
2026-09-26T07:42:51Z,895.2,53248.0,380.8,,,0.0,0.0,,,,,,0.0
2026-09-26T07:42:56Z,900.2,53248.0,322.2,,,0.0,0.0,,,,,,0.0
2026-09-26T07:43:01Z,905.2,53248.0,378.6,,,0.0,0.0,,,,,,0.0
2026-09-26T07:43:06Z,910.2,53248.0,682.6,,,0.0,0.0,,,,,,0.0
2026-09-26T07:43:11Z,915.2,53248.0,591.3,,,0.0,0.0,,,,,,0.0
2026-09-26T07:43:16Z,920.2,53248.0,291.6,,,0.0,0.0,,,,,,0.0
2026-09-26T07:43:21Z,925.2,53248.0,343.1,,,0.0,0.0,,,,,,0.0
2026-09-26T07:43:26Z,930.2,53248.0,341.1,,,0.0,0.0,,,,,,0.0
2026-09-26T07:43:31Z,935.2,53248.0,324.7,,,0.0,0.0,,,,,,0.0
2026-09-26T07:43:36Z,940.2,53248.0,269.1,,,0.0,0.0,,,,,,0.0
2026-09-26T07:43:41Z,945.2,53248.0,317.3,,,0.0,0.0,,,,,,0.0
2026-09-26T07:43:46Z,950.2,53248.0,340.2,,,0.0,0.0,,,,,,0.0
2026-09-26T07:43:51Z,955.2,53248.0,338.6,,,0.0,0.0,,,,,,0.0
2026-09-26T07:43:56Z,960.2,53248.0,344.2,,,0.0,0.0,,,,,,0.0
2026-09-26T07:44:01Z,965.2,53248.0,412.5,,,0.0,0.0,,,,,,0.0
2026-09-26T07:44:06Z,970.2,53248.0,401.7,,,0.0,0.0,,,,,,0.0
2026-09-26T07:44:11Z,975.2,53248.0,390.9,,,0.0,0.0,,,,,,0.0
2026-09-26T07:44:16Z,980.2,53248.0,390.5,,,0.0,0.0,,,,,,0.0
2026-09-26T07:44:21Z,985.2,53248.0,399.5,,,0.0,0.0,,,,,,0.0
2026-09-26T07:44:26Z,990.2,53248.0,381.2,,,0.0,0.0,,,,,,0.0
2026-09-26T07:44:31Z,995.2,53248.0,382.2,,,0.0,0.0,,,,,,0.0
2026-09-26T07:44:36Z,1000.2,53248.0,379.8,,,0.0,0.0,,,,,,0.0
2026-09-26T07:44:41Z,1005.2,53248.0,639.4,,,0.0,0.0,,,,,,0.0
2026-09-26T07:44:46Z,1010.2,53248.0,385.8,,,0.0,0.0,,,,,,0.0
2026-09-26T07:44:51Z,1015.2,53248.0,363.1,,,0.0,0.0,,,,,,0.0
2026-09-26T07:44:56Z,1020.2,53248.0,520.0,,,0.0,0.0,,,,,,0.0
2026-09-26T07:45:01Z,1025.2,53248.0,511.1,,,0.0,0.0,,,,,,0.0
2026-09-26T07:45:06Z,1030.2,53248.0,503.5,,,0.0,0.0,,,,,,0.0
2026-09-26T07:45:11Z,1035.2,53248.0,492.2,,,0.0,0.0,,,,,,0.0
2026-09-26T07:45:16Z,1040.2,53248.0,469.5,,,0.0,0.0,,,,,,0.0
2026-09-26T07:45:21Z,1045.2,53248.0,484.9,,,0.0,0.0,,,,,,0.0
2026-09-26T07:45:26Z,1050.2,53248.0,472.8,,,0.0,0.0,,,,,,0.0
2026-09-26T07:45:31Z,1055.2,53248.0,463.1,,,0.0,0.0,,,,,,0.0
2026-09-26T07:45:36Z,1060.2,53248.0,463.8,,,0.0,0.0,,,,,,0.0
2026-09-26T07:45:41Z,1065.2,53248.0,485.9,,,0.0,0.0,,,,,,0.0
2026-09-26T07:45:46Z,1070.2,53248.0,455.7,,,0.0,0.0,,,,,,0.0
2026-09-26T07:45:51Z,1075.2,53248.0,477.0,,,0.0,0.0,,,,,,0.0
