SeLockMemoryPrivilege: ENABLED -- SeLockMemoryPrivilege enabled on this process's token
AWE chunk: requested 524288 pages, got 524288. held_mb=2048.0 avail_mb=45165.3
AWE chunk: requested 524288 pages, got 524288. held_mb=4096.0 avail_mb=43108.8
AWE chunk: requested 524288 pages, got 524288. held_mb=6144.0 avail_mb=41068.4
AWE chunk: requested 524288 pages, got 524288. held_mb=8192.0 avail_mb=39019.5
AWE chunk: requested 524288 pages, got 524288. held_mb=10240.0 avail_mb=36967.0
AWE chunk: requested 524288 pages, got 524288. held_mb=12288.0 avail_mb=34915.0
AWE chunk: requested 524288 pages, got 524288. held_mb=14336.0 avail_mb=32862.8
AWE chunk: requested 524288 pages, got 524288. held_mb=16384.0 avail_mb=30809.2
AWE chunk: requested 524288 pages, got 524288. held_mb=18432.0 avail_mb=28756.7
AWE chunk: requested 524288 pages, got 524288. held_mb=20480.0 avail_mb=26704.4
AWE chunk: requested 524288 pages, got 524288. held_mb=22528.0 avail_mb=24654.4
AWE chunk: requested 524288 pages, got 524288. held_mb=24576.0 avail_mb=22602.3
AWE chunk: requested 524288 pages, got 524288. held_mb=26624.0 avail_mb=20551.0
AWE chunk: requested 524288 pages, got 524288. held_mb=28672.0 avail_mb=18498.5
AWE chunk: requested 103766 pages, got 103766. held_mb=29077.3 avail_mb=16446.1
TARGET REACHED (or best effort). mechanism=AWE held_mb=29077.3 available_mb=16041.0 target_available_mb=16040.740600585938
2026-10-05T01:03:03Z,0.0,29077.3,16041.0,,,0.0,0.0,,,,,,0.0
2026-10-05T01:03:08Z,5.0,29077.3,16035.4,,,0.0,0.0,,,,,,0.0
2026-10-05T01:03:13Z,10.0,29077.3,16034.0,,,0.0,0.0,,,,,,0.0
2026-10-05T01:03:18Z,15.0,29077.3,16033.7,,,0.0,0.0,,,,,,0.0
2026-10-05T01:03:23Z,20.0,29077.3,16033.5,,,0.0,0.0,,,,,,0.0
2026-10-05T01:03:28Z,25.0,29077.3,14123.5,,,0.0,0.0,,,,,,0.0
2026-10-05T01:03:33Z,30.0,29077.3,14123.8,,,0.0,0.0,,,,,,0.0
2026-10-05T01:03:38Z,35.0,29077.3,14123.2,,,0.0,0.0,,,,,,0.0
2026-10-05T01:03:43Z,40.0,29077.3,14118.7,,,0.0,0.0,,,,,,0.0
2026-10-05T01:03:48Z,45.0,29077.3,14120.1,,,0.0,0.0,,,,,,0.0
2026-10-05T01:03:53Z,50.0,29077.3,14124.4,,,0.0,0.0,,,,,,0.0
2026-10-05T01:03:58Z,55.0,29077.3,14126.8,,,0.0,0.0,,,,,,0.0
2026-10-05T01:04:03Z,60.0,29077.3,14128.2,,,0.0,0.0,,,,,,0.0
2026-10-05T01:04:08Z,65.0,29077.3,14128.7,,,0.0,0.0,,,,,,0.0
2026-10-05T01:04:13Z,70.0,29077.3,14134.7,,,0.0,0.0,,,,,,0.0
2026-10-05T01:04:18Z,75.0,29077.3,14132.5,,,0.0,0.0,,,,,,0.0
2026-10-05T01:04:23Z,80.0,29077.3,14130.2,,,0.0,0.0,,,,,,0.0
2026-10-05T01:04:28Z,85.0,29077.3,14131.6,,,0.0,0.0,,,,,,0.0
2026-10-05T01:04:33Z,90.0,29077.3,16052.3,,,0.0,0.0,,,,,,0.0
2026-10-05T01:04:38Z,95.0,29077.3,16052.3,,,0.0,0.0,,,,,,0.0
2026-10-05T01:04:43Z,100.0,29077.3,16053.6,,,0.0,0.0,,,,,,0.0
2026-10-05T01:04:48Z,105.0,29077.3,16053.1,,,0.0,0.0,,,,,,0.0
2026-10-05T01:04:53Z,110.0,29077.3,16053.2,,,0.0,0.0,,,,,,0.0
2026-10-05T01:04:58Z,115.0,29077.3,16046.1,,,0.0,0.0,,,,,,0.0
2026-10-05T01:05:03Z,120.0,29077.3,16047.5,,,0.0,0.0,,,,,,0.0
2026-10-05T01:05:08Z,125.0,29077.3,16045.7,,,0.0,0.0,,,,,,0.0
2026-10-05T01:05:13Z,130.0,29077.3,16033.2,,,0.0,0.0,,,,,,0.0
2026-10-05T01:05:18Z,135.0,29077.3,16033.2,,,0.0,0.0,,,,,,0.0
2026-10-05T01:05:23Z,140.0,29077.3,16028.0,,,0.0,0.0,,,,,,0.0
2026-10-05T01:05:28Z,145.0,29077.3,16031.9,,,0.0,0.0,,,,,,0.0
2026-10-05T01:05:33Z,150.0,29077.3,16034.6,,,0.0,0.0,,,,,,0.0
2026-10-05T01:05:38Z,155.0,29077.3,16036.1,,,0.0,0.0,,,,,,0.0
2026-10-05T01:05:43Z,160.0,29077.3,16038.0,,,0.0,0.0,,,,,,0.0
2026-10-05T01:05:48Z,165.0,29077.3,14132.1,,,0.0,0.0,,,,,,0.0
2026-10-05T01:05:53Z,170.0,29077.3,14131.5,,,0.0,0.0,,,,,,0.0
2026-10-05T01:05:58Z,175.0,29077.3,14124.2,,,0.0,0.0,,,,,,0.0
2026-10-05T01:06:03Z,180.0,29077.3,14112.7,,,0.0,0.0,,,,,,0.0
2026-10-05T01:06:08Z,185.0,29077.3,14113.8,,,0.0,0.0,,,,,,0.0
2026-10-05T01:06:13Z,190.0,29077.3,14112.9,,,0.0,0.0,,,,,,0.0
2026-10-05T01:06:18Z,195.0,29077.3,14118.6,,,0.0,0.0,,,,,,0.0
2026-10-05T01:06:23Z,200.0,29077.3,14116.8,,,0.0,0.0,,,,,,0.0
2026-10-05T01:06:28Z,205.0,29077.3,14119.1,,,0.0,0.0,,,,,,0.0
2026-10-05T01:06:33Z,210.0,29077.3,14119.5,,,0.0,0.0,,,,,,0.0
2026-10-05T01:06:38Z,215.0,29077.3,14120.6,,,0.0,0.0,,,,,,0.0
2026-10-05T01:06:43Z,220.0,29077.3,14121.4,,,0.0,0.0,,,,,,0.0
2026-10-05T01:06:48Z,225.0,29077.3,14121.2,,,0.0,0.0,,,,,,0.0
2026-10-05T01:06:53Z,230.0,29077.3,16040.4,,,0.0,0.0,,,,,,0.0
2026-10-05T01:06:58Z,235.0,29077.3,16035.4,,,0.0,0.0,,,,,,0.0
2026-10-05T01:07:03Z,240.0,29077.3,16015.1,,,0.0,0.0,,,,,,0.0
2026-10-05T01:07:08Z,245.0,29077.3,15955.9,,,0.0,0.0,,,,,,0.0
2026-10-05T01:07:13Z,250.0,29077.3,15961.2,,,0.0,0.0,,,,,,0.0
2026-10-05T01:07:18Z,255.0,29077.3,15969.4,,,0.0,0.0,,,,,,0.0
2026-10-05T01:07:23Z,260.0,29077.3,15970.0,,,0.0,0.0,,,,,,0.0
2026-10-05T01:07:28Z,265.0,29077.3,15973.0,,,0.0,0.0,,,,,,0.0
2026-10-05T01:07:33Z,270.0,29077.3,15981.8,,,0.0,0.0,,,,,,0.0
2026-10-05T01:07:38Z,275.0,29077.3,15994.6,,,0.0,0.0,,,,,,0.0
2026-10-05T01:07:43Z,280.0,29077.3,15994.8,,,0.0,0.0,,,,,,0.0
2026-10-05T01:07:48Z,285.0,29077.3,15991.7,,,0.0,0.0,,,,,,0.0
2026-10-05T01:07:53Z,290.0,29077.3,15994.1,,,0.0,0.0,,,,,,0.0
2026-10-05T01:07:58Z,295.0,29077.3,15988.9,,,0.0,0.0,,,,,,0.0
2026-10-05T01:08:03Z,300.0,29077.3,15974.3,,,0.0,0.0,,,,,,0.0
2026-10-05T01:08:08Z,305.0,29077.3,14354.1,,,0.0,0.0,,,,,,0.0
2026-10-05T01:08:13Z,310.0,29077.3,14060.4,,,0.0,0.0,,,,,,0.0
2026-10-05T01:08:18Z,315.0,29077.3,14060.5,,,0.0,0.0,,,,,,0.0
2026-10-05T01:08:23Z,320.0,29077.3,14059.7,,,0.0,0.0,,,,,,0.0
2026-10-05T01:08:28Z,325.0,29077.3,14060.8,,,0.0,0.0,,,,,,0.0
2026-10-05T01:08:33Z,330.0,29077.3,14037.8,,,0.0,0.0,,,,,,0.0
2026-10-05T01:08:38Z,335.0,29077.3,14040.4,,,0.0,0.0,,,,,,0.0
2026-10-05T01:08:43Z,340.0,29077.3,14041.9,,,0.0,0.0,,,,,,0.0
2026-10-05T01:08:48Z,345.0,29077.3,14059.6,,,0.0,0.0,,,,,,0.0
2026-10-05T01:08:53Z,350.0,29077.3,14061.7,,,0.0,0.0,,,,,,0.0
2026-10-05T01:08:58Z,355.0,29077.3,14059.1,,,0.0,0.0,,,,,,0.0
2026-10-05T01:09:03Z,360.0,29077.3,14057.6,,,0.0,0.0,,,,,,0.0
2026-10-05T01:09:08Z,365.0,29077.3,14060.7,,,0.0,0.0,,,,,,0.0
2026-10-05T01:09:13Z,370.0,29077.3,15977.7,,,0.0,0.0,,,,,,0.0
2026-10-05T01:09:18Z,375.0,29077.3,15980.2,,,0.0,0.0,,,,,,0.0
2026-10-05T01:09:23Z,380.0,29077.3,15981.4,,,0.0,0.0,,,,,,0.0
2026-10-05T01:09:28Z,385.0,29077.3,15983.0,,,0.0,0.0,,,,,,0.0
2026-10-05T01:09:33Z,390.0,29077.3,15985.6,,,0.0,0.0,,,,,,0.0
2026-10-05T01:09:38Z,395.0,29077.3,15987.6,,,0.0,0.0,,,,,,0.0
2026-10-05T01:09:43Z,400.0,29077.3,15988.4,,,0.0,0.0,,,,,,0.0
2026-10-05T01:09:48Z,405.0,29077.3,15991.8,,,0.0,0.0,,,,,,0.0
2026-10-05T01:09:53Z,410.0,29077.3,15990.2,,,0.0,0.0,,,,,,0.0
2026-10-05T01:09:58Z,415.0,29077.3,15983.3,,,0.0,0.0,,,,,,0.0
2026-10-05T01:10:03Z,420.0,29077.3,15989.0,,,0.0,0.0,,,,,,0.0
2026-10-05T01:10:08Z,425.0,29077.3,15985.1,,,0.0,0.0,,,,,,0.0
