SeLockMemoryPrivilege: ENABLED -- SeLockMemoryPrivilege enabled on this process's token
AWE chunk: requested 524288 pages, got 524288. held_mb=2048.0 avail_mb=48747.0
AWE chunk: requested 319321 pages, got 319321. held_mb=3295.3 avail_mb=46694.0
TARGET REACHED (or best effort). mechanism=AWE held_mb=3295.3 available_mb=45433.3 target_available_mb=45446.61227416992
2026-10-05T11:41:11Z,0.0,3295.3,45433.3,,,0.0,0.0,,,,,,0.0
2026-10-05T11:41:16Z,5.0,3295.3,45439.5,,,0.0,0.0,,,,,,0.0
2026-10-05T11:41:21Z,10.0,3295.3,45441.2,,,0.0,0.0,,,,,,0.0
2026-10-05T11:41:26Z,15.0,3295.3,45443.1,,,0.0,0.0,,,,,,0.0
2026-10-05T11:41:31Z,20.0,3295.3,45446.0,,,0.0,0.0,,,,,,0.0
2026-10-05T11:41:36Z,25.0,3295.3,45453.9,,,0.0,0.0,,,,,,0.0
2026-10-05T11:41:41Z,30.0,3295.3,45451.5,,,0.0,0.0,,,,,,0.0
2026-10-05T11:41:46Z,35.0,3295.3,45450.5,,,0.0,0.0,,,,,,0.0
2026-10-05T11:41:51Z,40.0,3295.3,45471.9,,,0.0,0.0,,,,,,0.0
2026-10-05T11:41:56Z,45.0,3295.3,45468.6,,,0.0,0.0,,,,,,0.0
2026-10-05T11:42:01Z,50.0,3295.3,45456.9,,,0.0,0.0,,,,,,0.0
2026-10-05T11:42:06Z,55.0,3295.3,45460.0,,,0.0,0.0,,,,,,0.0
2026-10-05T11:42:11Z,60.0,3295.3,45460.6,,,0.0,0.0,,,,,,0.0
2026-10-05T11:42:16Z,65.0,3295.3,45466.1,,,0.0,0.0,,,,,,0.0
2026-10-05T11:42:21Z,70.0,3295.3,45468.1,,,0.0,0.0,,,,,,0.0
2026-10-05T11:42:26Z,75.0,3295.3,45471.1,,,0.0,0.0,,,,,,0.0
2026-10-05T11:42:31Z,80.0,3295.3,45474.1,,,0.0,0.0,,,,,,0.0
2026-10-05T11:42:36Z,85.0,3295.3,45473.6,,,0.0,0.0,,,,,,0.0
2026-10-05T11:42:41Z,90.0,3295.3,45476.6,,,0.0,0.0,,,,,,0.0
2026-10-05T11:42:46Z,95.0,3295.3,45477.5,,,0.0,0.0,,,,,,0.0
2026-10-05T11:42:51Z,100.0,3295.3,45479.7,,,0.0,0.0,,,,,,0.0
2026-10-05T11:42:56Z,105.0,3295.3,45473.3,,,0.0,0.0,,,,,,0.0
2026-10-05T11:43:01Z,110.0,3295.3,45473.6,,,0.0,0.0,,,,,,0.0
2026-10-05T11:43:06Z,115.0,3295.3,45479.6,,,0.0,0.0,,,,,,0.0
2026-10-05T11:43:11Z,120.0,3295.3,45481.1,,,0.0,0.0,,,,,,0.0
2026-10-05T11:43:16Z,125.0,3295.3,45480.0,,,0.0,0.0,,,,,,0.0
2026-10-05T11:43:21Z,130.0,3295.3,45487.5,,,0.0,0.0,,,,,,0.0
2026-10-05T11:43:26Z,135.0,3295.3,45490.6,,,0.0,0.0,,,,,,0.0
2026-10-05T11:43:31Z,140.0,3295.3,45493.2,,,0.0,0.0,,,,,,0.0
2026-10-05T11:43:36Z,145.0,3295.3,45494.1,,,0.0,0.0,,,,,,0.0
2026-10-05T11:43:41Z,150.0,3295.3,45456.1,,,0.0,0.0,,,,,,0.0
2026-10-05T11:43:46Z,155.0,3295.3,45474.5,,,0.0,0.0,,,,,,0.0
2026-10-05T11:43:51Z,160.0,3295.3,45471.6,,,0.0,0.0,,,,,,0.0
2026-10-05T11:43:56Z,165.0,3295.3,45486.7,,,0.0,0.0,,,,,,0.0
2026-10-05T11:44:01Z,170.0,3295.3,45486.5,,,0.0,0.0,,,,,,0.0
2026-10-05T11:44:06Z,175.0,3295.3,45486.9,,,0.0,0.0,,,,,,0.0
2026-10-05T11:44:11Z,180.0,3295.3,45486.6,,,0.0,0.0,,,,,,0.0
2026-10-05T11:44:16Z,185.0,3295.3,45488.5,,,0.0,0.0,,,,,,0.0
2026-10-05T11:44:21Z,190.0,3295.3,45490.0,,,0.0,0.0,,,,,,0.0
2026-10-05T11:44:26Z,195.0,3295.3,45493.0,,,0.0,0.0,,,,,,0.0
2026-10-05T11:44:31Z,200.0,3295.3,45494.6,,,0.0,0.0,,,,,,0.0
2026-10-05T11:44:36Z,205.0,3295.3,45495.1,,,0.0,0.0,,,,,,0.0
2026-10-05T11:44:41Z,210.0,3295.3,45495.3,,,0.0,0.0,,,,,,0.0
2026-10-05T11:44:46Z,215.0,3295.3,45494.8,,,0.0,0.0,,,,,,0.0
2026-10-05T11:44:51Z,220.0,3295.3,45495.5,,,0.0,0.0,,,,,,0.0
2026-10-05T11:44:56Z,225.0,3295.3,45480.5,,,0.0,0.0,,,,,,0.0
2026-10-05T11:45:01Z,230.0,3295.3,45486.1,,,0.0,0.0,,,,,,0.0
2026-10-05T11:45:06Z,235.0,3295.3,45486.5,,,0.0,0.0,,,,,,0.0
2026-10-05T11:45:11Z,240.0,3295.3,45486.2,,,0.0,0.0,,,,,,0.0
2026-10-05T11:45:16Z,245.0,3295.3,45485.2,,,0.0,0.0,,,,,,0.0
2026-10-05T11:45:21Z,250.0,3295.3,45485.3,,,0.0,0.0,,,,,,0.0
2026-10-05T11:45:26Z,255.0,3295.3,45487.9,,,0.0,0.0,,,,,,0.0
2026-10-05T11:45:31Z,260.0,3295.3,45494.4,,,0.0,0.0,,,,,,0.0
2026-10-05T11:45:36Z,265.0,3295.3,45494.9,,,0.0,0.0,,,,,,0.0
2026-10-05T11:45:41Z,270.0,3295.3,45495.4,,,0.0,0.0,,,,,,0.0
2026-10-05T11:45:46Z,275.0,3295.3,45493.8,,,0.0,0.0,,,,,,0.0
2026-10-05T11:45:51Z,280.0,3295.3,45492.9,,,0.0,0.0,,,,,,0.0
2026-10-05T11:45:56Z,285.0,3295.3,45487.4,,,0.0,0.0,,,,,,0.0
2026-10-05T11:46:01Z,290.0,3295.3,45485.4,,,0.0,0.0,,,,,,0.0
2026-10-05T11:46:06Z,295.0,3295.3,45486.5,,,0.0,0.0,,,,,,0.0
2026-10-05T11:46:11Z,300.0,3295.3,45486.8,,,0.0,0.0,,,,,,0.0
2026-10-05T11:46:16Z,305.0,3295.3,45485.5,,,0.0,0.0,,,,,,0.0
2026-10-05T11:46:21Z,310.0,3295.3,45485.7,,,0.0,0.0,,,,,,0.0
2026-10-05T11:46:26Z,315.0,3295.3,45488.8,,,0.0,0.0,,,,,,0.0
2026-10-05T11:46:31Z,320.0,3295.3,45492.2,,,0.0,0.0,,,,,,0.0
2026-10-05T11:46:36Z,325.0,3295.3,45492.6,,,0.0,0.0,,,,,,0.0
2026-10-05T11:46:41Z,330.0,3295.3,45493.6,,,0.0,0.0,,,,,,0.0
2026-10-05T11:46:46Z,335.0,3295.3,45493.7,,,0.0,0.0,,,,,,0.0
2026-10-05T11:46:51Z,340.0,3295.3,45495.8,,,0.0,0.0,,,,,,0.0
2026-10-05T11:46:56Z,345.0,3295.3,45488.0,,,0.0,0.0,,,,,,0.0
2026-10-05T11:47:01Z,350.0,3295.3,45487.3,,,0.0,0.0,,,,,,0.0
2026-10-05T11:47:06Z,355.0,3295.3,45487.2,,,0.0,0.0,,,,,,0.0
2026-10-05T11:47:11Z,360.0,3295.3,45488.7,,,0.0,0.0,,,,,,0.0
2026-10-05T11:47:16Z,365.0,3295.3,45941.0,,,0.0,0.0,,,,,,0.0
2026-10-05T11:47:21Z,370.0,3295.3,45475.5,,,0.0,0.0,,,,,,0.0
2026-10-05T11:47:26Z,375.0,3295.3,45485.5,,,0.0,0.0,,,,,,0.0
2026-10-05T11:47:31Z,380.0,3295.3,45486.6,,,0.0,0.0,,,,,,0.0
2026-10-05T11:47:36Z,385.0,3295.3,45486.8,,,0.0,0.0,,,,,,0.0
2026-10-05T11:47:41Z,390.0,3295.3,45486.4,,,0.0,0.0,,,,,,0.0
2026-10-05T11:47:46Z,395.0,3295.3,45480.4,,,0.0,0.0,,,,,,0.0
2026-10-05T11:47:51Z,400.0,3295.3,45496.4,,,0.0,0.0,,,,,,0.0
2026-10-05T11:47:56Z,405.0,3295.3,45493.6,,,0.0,0.0,,,,,,0.0
2026-10-05T11:48:01Z,410.0,3295.3,45492.5,,,0.0,0.0,,,,,,0.0
2026-10-05T11:48:06Z,415.0,3295.3,45493.2,,,0.0,0.0,,,,,,0.0
2026-10-05T11:48:11Z,420.0,3295.3,45493.5,,,0.0,0.0,,,,,,0.0
2026-10-05T11:48:16Z,425.0,3295.3,45493.0,,,0.0,0.0,,,,,,0.0
2026-10-05T11:48:21Z,430.0,3295.3,45493.9,,,0.0,0.0,,,,,,0.0
2026-10-05T11:48:26Z,435.0,3295.3,45496.4,,,0.0,0.0,,,,,,0.0
2026-10-05T11:48:31Z,440.0,3295.3,45499.1,,,0.0,0.0,,,,,,0.0
2026-10-05T11:48:36Z,445.0,3295.3,45499.3,,,0.0,0.0,,,,,,0.0
2026-10-05T11:48:41Z,450.0,3295.3,45499.1,,,0.0,0.0,,,,,,0.0
2026-10-05T11:48:46Z,455.0,3295.3,45499.1,,,0.0,0.0,,,,,,0.0
2026-10-05T11:48:51Z,460.0,3295.3,45499.8,,,0.0,0.0,,,,,,0.0
2026-10-05T11:48:56Z,465.0,3295.3,45493.2,,,0.0,0.0,,,,,,0.0
2026-10-05T11:49:01Z,470.0,3295.3,45491.4,,,0.0,0.0,,,,,,0.0
2026-10-05T11:49:06Z,475.0,3295.3,45491.0,,,0.0,0.0,,,,,,0.0
2026-10-05T11:49:11Z,480.0,3295.3,45492.0,,,0.0,0.0,,,,,,0.0
2026-10-05T11:49:16Z,485.0,3295.3,45490.5,,,0.0,0.0,,,,,,0.0
2026-10-05T11:49:21Z,490.0,3295.3,45490.7,,,0.0,0.0,,,,,,0.0
2026-10-05T11:49:26Z,495.0,3295.3,45493.2,,,0.0,0.0,,,,,,0.0
2026-10-05T11:49:31Z,500.0,3295.3,45493.7,,,0.0,0.0,,,,,,0.0
2026-10-05T11:49:36Z,505.0,3295.3,45494.6,,,0.0,0.0,,,,,,0.0
2026-10-05T11:49:41Z,510.0,3295.3,45495.4,,,0.0,0.0,,,,,,0.0
2026-10-05T11:49:46Z,515.0,3295.3,45494.8,,,0.0,0.0,,,,,,0.0
2026-10-05T11:49:51Z,520.0,3295.3,45494.0,,,0.0,0.0,,,,,,0.0
2026-10-05T11:49:56Z,525.1,3295.3,45489.2,,,0.0,0.0,,,,,,0.0
2026-10-05T11:50:01Z,530.1,3295.3,45488.7,,,0.0,0.0,,,,,,0.0
2026-10-05T11:50:06Z,535.1,3295.3,45488.1,,,0.0,0.0,,,,,,0.0
2026-10-05T11:50:11Z,540.1,3295.3,45488.6,,,0.0,0.0,,,,,,0.0
2026-10-05T11:50:16Z,545.1,3295.3,45487.8,,,0.0,0.0,,,,,,0.0
2026-10-05T11:50:21Z,550.1,3295.3,45486.1,,,0.0,0.0,,,,,,0.0
2026-10-05T11:50:26Z,555.1,3295.3,45487.3,,,0.0,0.0,,,,,,0.0
2026-10-05T11:50:31Z,560.1,3295.3,45488.2,,,0.0,0.0,,,,,,0.0
2026-10-05T11:50:36Z,565.1,3295.3,45488.4,,,0.0,0.0,,,,,,0.0
2026-10-05T11:50:41Z,570.1,3295.3,45489.0,,,0.0,0.0,,,,,,0.0
2026-10-05T11:50:46Z,575.1,3295.3,45489.0,,,0.0,0.0,,,,,,0.0
2026-10-05T11:50:51Z,580.1,3295.3,45489.5,,,0.0,0.0,,,,,,0.0
2026-10-05T11:50:56Z,585.1,3295.3,45480.8,,,0.0,0.0,,,,,,0.0
2026-10-05T11:51:01Z,590.1,3295.3,45480.6,,,0.0,0.0,,,,,,0.0
2026-10-05T11:51:06Z,595.1,3295.3,45486.1,,,0.0,0.0,,,,,,0.0
2026-10-05T11:51:11Z,600.1,3295.3,45488.1,,,0.0,0.0,,,,,,0.0
2026-10-05T11:51:16Z,605.1,3295.3,45484.4,,,0.0,0.0,,,,,,0.0
2026-10-05T11:51:21Z,610.1,3295.3,45484.8,,,0.0,0.0,,,,,,0.0
2026-10-05T11:51:26Z,615.1,3295.3,45486.4,,,0.0,0.0,,,,,,0.0
2026-10-05T11:51:31Z,620.1,3295.3,45487.9,,,0.0,0.0,,,,,,0.0
2026-10-05T11:51:36Z,625.1,3295.3,45487.6,,,0.0,0.0,,,,,,0.0
2026-10-05T11:51:41Z,630.1,3295.3,45482.5,,,0.0,0.0,,,,,,0.0
2026-10-05T11:51:46Z,635.1,3295.3,45484.6,,,0.0,0.0,,,,,,0.0
2026-10-05T11:51:51Z,640.1,3295.3,45485.4,,,0.0,0.0,,,,,,0.0
2026-10-05T11:51:56Z,645.1,3295.3,45482.2,,,0.0,0.0,,,,,,0.0
2026-10-05T11:52:01Z,650.1,3295.3,45481.5,,,0.0,0.0,,,,,,0.0
2026-10-05T11:52:06Z,655.1,3295.3,45483.0,,,0.0,0.0,,,,,,0.0
2026-10-05T11:52:11Z,660.1,3295.3,45482.4,,,0.0,0.0,,,,,,0.0
2026-10-05T11:52:16Z,665.1,3295.3,45482.3,,,0.0,0.0,,,,,,0.0
2026-10-05T11:52:21Z,670.1,3295.3,45483.2,,,0.0,0.0,,,,,,0.0
2026-10-05T11:52:26Z,675.1,3295.3,45485.9,,,0.0,0.0,,,,,,0.0
2026-10-05T11:52:31Z,680.1,3295.3,45488.0,,,0.0,0.0,,,,,,0.0
2026-10-05T11:52:36Z,685.1,3295.3,45484.4,,,0.0,0.0,,,,,,0.0
2026-10-05T11:52:41Z,690.1,3295.3,45484.8,,,0.0,0.0,,,,,,0.0
2026-10-05T11:52:46Z,695.1,3295.3,45484.5,,,0.0,0.0,,,,,,0.0
2026-10-05T11:52:51Z,700.1,3295.3,45485.6,,,0.0,0.0,,,,,,0.0
2026-10-05T11:52:56Z,705.1,3295.3,45478.0,,,0.0,0.0,,,,,,0.0
2026-10-05T11:53:01Z,710.1,3295.3,45476.3,,,0.0,0.0,,,,,,0.0
2026-10-05T11:53:06Z,715.1,3295.3,45477.3,,,0.0,0.0,,,,,,0.0
2026-10-05T11:53:11Z,720.1,3295.3,45477.8,,,0.0,0.0,,,,,,0.0
2026-10-05T11:53:16Z,725.1,3295.3,45475.1,,,0.0,0.0,,,,,,0.0
2026-10-05T11:53:21Z,730.1,3295.3,45474.6,,,0.0,0.0,,,,,,0.0
2026-10-05T11:53:26Z,735.1,3295.3,45477.2,,,0.0,0.0,,,,,,0.0
2026-10-05T11:53:31Z,740.1,3295.3,45476.4,,,0.0,0.0,,,,,,0.0
2026-10-05T11:53:36Z,745.1,3295.3,45477.0,,,0.0,0.0,,,,,,0.0
2026-10-05T11:53:41Z,750.1,3295.3,45462.2,,,0.0,0.0,,,,,,0.0
2026-10-05T11:53:46Z,755.1,3295.3,45478.9,,,0.0,0.0,,,,,,0.0
2026-10-05T11:53:51Z,760.1,3295.3,45479.9,,,0.0,0.0,,,,,,0.0
2026-10-05T11:53:56Z,765.1,3295.3,45477.1,,,0.0,0.0,,,,,,0.0
2026-10-05T11:54:01Z,770.1,3295.3,45477.1,,,0.0,0.0,,,,,,0.0
2026-10-05T11:54:06Z,775.1,3295.3,45476.4,,,0.0,0.0,,,,,,0.0
2026-10-05T11:54:11Z,780.1,3295.3,45481.1,,,0.0,0.0,,,,,,0.0
2026-10-05T11:54:16Z,785.1,3295.3,45480.8,,,0.0,0.0,,,,,,0.0
2026-10-05T11:54:21Z,790.1,3295.3,45482.8,,,0.0,0.0,,,,,,0.0
2026-10-05T11:54:26Z,795.1,3295.3,45485.7,,,0.0,0.0,,,,,,0.0
2026-10-05T11:54:31Z,800.1,3295.3,45486.8,,,0.0,0.0,,,,,,0.0
2026-10-05T11:54:36Z,805.1,3295.3,45487.1,,,0.0,0.0,,,,,,0.0
2026-10-05T11:54:41Z,810.1,3295.3,45487.8,,,0.0,0.0,,,,,,0.0
2026-10-05T11:54:46Z,815.1,3295.3,45487.4,,,0.0,0.0,,,,,,0.0
2026-10-05T11:54:51Z,820.1,3295.3,45488.8,,,0.0,0.0,,,,,,0.0
2026-10-05T11:54:56Z,825.1,3295.3,45482.0,,,0.0,0.0,,,,,,0.0
2026-10-05T11:55:01Z,830.1,3295.3,45481.1,,,0.0,0.0,,,,,,0.0
2026-10-05T11:55:06Z,835.1,3295.3,45480.4,,,0.0,0.0,,,,,,0.0
2026-10-05T11:55:11Z,840.1,3295.3,45478.4,,,0.0,0.0,,,,,,0.0
2026-10-05T11:55:16Z,845.1,3295.3,45474.2,,,0.0,0.0,,,,,,0.0
2026-10-05T11:55:21Z,850.1,3295.3,45474.3,,,0.0,0.0,,,,,,0.0
2026-10-05T11:55:26Z,855.1,3295.3,45477.6,,,0.0,0.0,,,,,,0.0
2026-10-05T11:55:31Z,860.1,3295.3,45485.4,,,0.0,0.0,,,,,,0.0
2026-10-05T11:55:36Z,865.1,3295.3,45484.7,,,0.0,0.0,,,,,,0.0
2026-10-05T11:55:41Z,870.1,3295.3,45484.4,,,0.0,0.0,,,,,,0.0
2026-10-05T11:55:46Z,875.1,3295.3,45484.7,,,0.0,0.0,,,,,,0.0
2026-10-05T11:55:51Z,880.1,3295.3,45483.4,,,0.0,0.0,,,,,,0.0
2026-10-05T11:55:56Z,885.1,3295.3,45477.7,,,0.0,0.0,,,,,,0.0
2026-10-05T11:56:01Z,890.1,3295.3,45476.4,,,0.0,0.0,,,,,,0.0
2026-10-05T11:56:06Z,895.1,3295.3,45477.0,,,0.0,0.0,,,,,,0.0
2026-10-05T11:56:11Z,900.1,3295.3,45476.3,,,0.0,0.0,,,,,,0.0
2026-10-05T11:56:16Z,905.1,3295.3,45476.8,,,0.0,0.0,,,,,,0.0
2026-10-05T11:56:21Z,910.1,3295.3,45477.5,,,0.0,0.0,,,,,,0.0
2026-10-05T11:56:26Z,915.1,3295.3,45479.3,,,0.0,0.0,,,,,,0.0
2026-10-05T11:56:31Z,920.1,3295.3,45481.4,,,0.0,0.0,,,,,,0.0
2026-10-05T11:56:36Z,925.1,3295.3,45484.4,,,0.0,0.0,,,,,,0.0
2026-10-05T11:56:41Z,930.1,3295.3,45486.0,,,0.0,0.0,,,,,,0.0
2026-10-05T11:56:46Z,935.1,3295.3,45485.4,,,0.0,0.0,,,,,,0.0
2026-10-05T11:56:51Z,940.1,3295.3,45486.2,,,0.0,0.0,,,,,,0.0
2026-10-05T11:56:56Z,945.1,3295.3,45482.3,,,0.0,0.0,,,,,,0.0
2026-10-05T11:57:01Z,950.1,3295.3,45479.8,,,0.0,0.0,,,,,,0.0
2026-10-05T11:57:06Z,955.1,3295.3,45480.3,,,0.0,0.0,,,,,,0.0
2026-10-05T11:57:11Z,960.1,3295.3,45481.8,,,0.0,0.0,,,,,,0.0
2026-10-05T11:57:16Z,965.1,3295.3,45480.8,,,0.0,0.0,,,,,,0.0
2026-10-05T11:57:21Z,970.1,3295.3,45473.9,,,0.0,0.0,,,,,,0.0
2026-10-05T11:57:26Z,975.1,3295.3,45481.7,,,0.0,0.0,,,,,,0.0
2026-10-05T11:57:31Z,980.1,3295.3,45482.5,,,0.0,0.0,,,,,,0.0
2026-10-05T11:57:36Z,985.1,3295.3,45484.6,,,0.0,0.0,,,,,,0.0
2026-10-05T11:57:41Z,990.1,3295.3,45485.4,,,0.0,0.0,,,,,,0.0
2026-10-05T11:57:46Z,995.1,3295.3,45484.9,,,0.0,0.0,,,,,,0.0
2026-10-05T11:57:51Z,1000.1,3295.3,45483.0,,,0.0,0.0,,,,,,0.0
2026-10-05T11:57:56Z,1005.1,3295.3,45478.3,,,0.0,0.0,,,,,,0.0
2026-10-05T11:58:01Z,1010.1,3295.3,45477.7,,,0.0,0.0,,,,,,0.0
2026-10-05T11:58:06Z,1015.1,3295.3,45477.6,,,0.0,0.0,,,,,,0.0
2026-10-05T11:58:11Z,1020.1,3295.3,45478.6,,,0.0,0.0,,,,,,0.0
2026-10-05T11:58:16Z,1025.1,3295.3,45477.6,,,0.0,0.0,,,,,,0.0
2026-10-05T11:58:21Z,1030.1,3295.3,45474.3,,,0.0,0.0,,,,,,0.0
