SeLockMemoryPrivilege: ENABLED -- SeLockMemoryPrivilege enabled on this process's token
AWE chunk: requested 524288 pages, got 524288. held_mb=2048.0 avail_mb=32138.9
AWE chunk: requested 524288 pages, got 524288. held_mb=4096.0 avail_mb=30084.7
AWE chunk: requested 524288 pages, got 524288. held_mb=6144.0 avail_mb=28035.8
AWE chunk: requested 311133 pages, got 311133. held_mb=7359.4 avail_mb=25982.0
TARGET REACHED (or best effort). mechanism=AWE held_mb=7359.4 available_mb=24770.5 target_available_mb=24766.65396118164
2026-10-05T07:14:04Z,0.0,7359.4,24770.4,,,0.0,0.0,,,,,,0.0
2026-10-05T07:14:09Z,5.0,7359.4,24771.8,,,0.0,0.0,,,,,,0.0
2026-10-05T07:14:14Z,10.0,7359.4,24770.5,,,0.0,0.0,,,,,,0.0
2026-10-05T07:14:19Z,15.0,7359.4,24769.7,,,0.0,0.0,,,,,,0.0
2026-10-05T07:14:24Z,20.0,7359.4,24770.8,,,0.0,0.0,,,,,,0.0
2026-10-05T07:14:29Z,25.0,7359.4,24776.6,,,0.0,0.0,,,,,,0.0
2026-10-05T07:14:34Z,30.0,7359.4,24775.5,,,0.0,0.0,,,,,,0.0
2026-10-05T07:14:39Z,35.0,7359.4,24775.7,,,0.0,0.0,,,,,,0.0
2026-10-05T07:14:44Z,40.0,7359.4,24775.3,,,0.0,0.0,,,,,,0.0
2026-10-05T07:14:49Z,45.0,7359.4,24697.4,,,0.0,0.0,,,,,,0.0
2026-10-05T07:14:54Z,50.0,7359.4,24745.4,,,0.0,0.0,,,,,,0.0
2026-10-05T07:14:59Z,55.0,7359.4,24751.6,,,0.0,0.0,,,,,,0.0
2026-10-05T07:15:04Z,60.0,7359.4,24753.4,,,0.0,0.0,,,,,,0.0
2026-10-05T07:15:09Z,65.0,7359.4,24754.4,,,0.0,0.0,,,,,,0.0
2026-10-05T07:15:14Z,70.0,7359.4,24754.5,,,0.0,0.0,,,,,,0.0
2026-10-05T07:15:19Z,75.0,7359.4,24772.9,,,0.0,0.0,,,,,,0.0
2026-10-05T07:15:24Z,80.0,7359.4,24778.3,,,0.0,0.0,,,,,,0.0
2026-10-05T07:15:29Z,85.0,7359.4,24779.2,,,0.0,0.0,,,,,,0.0
2026-10-05T07:15:34Z,90.0,7359.4,24782.3,,,0.0,0.0,,,,,,0.0
2026-10-05T07:15:39Z,95.0,7359.4,24790.3,,,0.0,0.0,,,,,,0.0
2026-10-05T07:15:44Z,100.0,7359.4,24789.0,,,0.0,0.0,,,,,,0.0
2026-10-05T07:15:49Z,105.0,7359.4,24787.3,,,0.0,0.0,,,,,,0.0
2026-10-05T07:15:54Z,110.0,7359.4,24784.1,,,0.0,0.0,,,,,,0.0
2026-10-05T07:15:59Z,115.0,7359.4,24783.6,,,0.0,0.0,,,,,,0.0
2026-10-05T07:16:04Z,120.0,7359.4,24783.1,,,0.0,0.0,,,,,,0.0
2026-10-05T07:16:09Z,125.0,7359.4,24788.2,,,0.0,0.0,,,,,,0.0
2026-10-05T07:16:14Z,130.0,7359.4,24790.9,,,0.0,0.0,,,,,,0.0
2026-10-05T07:16:19Z,135.0,7359.4,24792.5,,,0.0,0.0,,,,,,0.0
2026-10-05T07:16:24Z,140.0,7359.4,24796.7,,,0.0,0.0,,,,,,0.0
2026-10-05T07:16:29Z,145.0,7359.4,24798.1,,,0.0,0.0,,,,,,0.0
2026-10-05T07:16:34Z,150.0,7359.4,24785.9,,,0.0,0.0,,,,,,0.0
2026-10-05T07:16:39Z,155.0,7359.4,24786.8,,,0.0,0.0,,,,,,0.0
2026-10-05T07:16:44Z,160.0,7359.4,24808.7,,,0.0,0.0,,,,,,0.0
2026-10-05T07:16:49Z,165.0,7359.4,24808.3,,,0.0,0.0,,,,,,0.0
2026-10-05T07:16:54Z,170.0,7359.4,24802.8,,,0.0,0.0,,,,,,0.0
2026-10-05T07:16:59Z,175.0,7359.4,24803.7,,,0.0,0.0,,,,,,0.0
2026-10-05T07:17:04Z,180.0,7359.4,24801.8,,,0.0,0.0,,,,,,0.0
2026-10-05T07:17:09Z,185.0,7359.4,24803.5,,,0.0,0.0,,,,,,0.0
2026-10-05T07:17:14Z,190.0,7359.4,24804.2,,,0.0,0.0,,,,,,0.0
2026-10-05T07:17:19Z,195.0,7359.4,24754.6,,,0.0,0.0,,,,,,0.0
2026-10-05T07:17:24Z,200.0,7359.4,24795.2,,,0.0,0.0,,,,,,0.0
2026-10-05T07:17:29Z,205.0,7359.4,24807.2,,,0.0,0.0,,,,,,0.0
2026-10-05T07:17:34Z,210.0,7359.4,24810.1,,,0.0,0.0,,,,,,0.0
2026-10-05T07:17:39Z,215.0,7359.4,24810.1,,,0.0,0.0,,,,,,0.0
2026-10-05T07:17:44Z,220.0,7359.4,24809.6,,,0.0,0.0,,,,,,0.0
2026-10-05T07:17:49Z,225.0,7359.4,24809.5,,,0.0,0.0,,,,,,0.0
2026-10-05T07:17:54Z,230.0,7359.4,24804.7,,,0.0,0.0,,,,,,0.0
2026-10-05T07:17:59Z,235.0,7359.4,24804.6,,,0.0,0.0,,,,,,0.0
2026-10-05T07:18:04Z,240.0,7359.4,24804.4,,,0.0,0.0,,,,,,0.0
2026-10-05T07:18:09Z,245.0,7359.4,24803.1,,,0.0,0.0,,,,,,0.0
2026-10-05T07:18:14Z,250.0,7359.4,24803.9,,,0.0,0.0,,,,,,0.0
2026-10-05T07:18:19Z,255.0,7359.4,24802.8,,,0.0,0.0,,,,,,0.0
2026-10-05T07:18:24Z,260.0,7359.4,24804.5,,,0.0,0.0,,,,,,0.0
2026-10-05T07:18:29Z,265.0,7359.4,24805.0,,,0.0,0.0,,,,,,0.0
2026-10-05T07:18:34Z,270.1,7359.4,24806.2,,,0.0,0.0,,,,,,0.0
2026-10-05T07:18:39Z,275.1,7359.4,24804.8,,,0.0,0.0,,,,,,0.0
2026-10-05T07:18:44Z,280.1,7359.4,24806.1,,,0.0,0.0,,,,,,0.0
2026-10-05T07:18:49Z,285.1,7359.4,24805.3,,,0.0,0.0,,,,,,0.0
2026-10-05T07:18:54Z,290.1,7359.4,24803.6,,,0.0,0.0,,,,,,0.0
2026-10-05T07:18:59Z,295.1,7359.4,24804.0,,,0.0,0.0,,,,,,0.0
2026-10-05T07:19:04Z,300.1,7359.4,24803.5,,,0.0,0.0,,,,,,0.0
2026-10-05T07:19:09Z,305.1,7359.4,24800.0,,,0.0,0.0,,,,,,0.0
2026-10-05T07:19:14Z,310.1,7359.4,24800.4,,,0.0,0.0,,,,,,0.0
2026-10-05T07:19:19Z,315.1,7359.4,24800.4,,,0.0,0.0,,,,,,0.0
2026-10-05T07:19:24Z,320.1,7359.4,24802.6,,,0.0,0.0,,,,,,0.0
2026-10-05T07:19:29Z,325.1,7359.4,24802.2,,,0.0,0.0,,,,,,0.0
2026-10-05T07:19:34Z,330.1,7359.4,24803.9,,,0.0,0.0,,,,,,0.0
2026-10-05T07:19:39Z,335.1,7359.4,24804.0,,,0.0,0.0,,,,,,0.0
2026-10-05T07:19:44Z,340.1,7359.4,24804.1,,,0.0,0.0,,,,,,0.0
2026-10-05T07:19:49Z,345.1,7359.4,24803.2,,,0.0,0.0,,,,,,0.0
2026-10-05T07:19:54Z,350.1,7359.4,24798.3,,,0.0,0.0,,,,,,0.0
2026-10-05T07:19:59Z,355.1,7359.4,24799.2,,,0.0,0.0,,,,,,0.0
2026-10-05T07:20:04Z,360.1,7359.4,24797.9,,,0.0,0.0,,,,,,0.0
2026-10-05T07:20:09Z,365.1,7359.4,24798.1,,,0.0,0.0,,,,,,0.0
2026-10-05T07:20:14Z,370.1,7359.4,24798.8,,,0.0,0.0,,,,,,0.0
2026-10-05T07:20:19Z,375.1,7359.4,24799.3,,,0.0,0.0,,,,,,0.0
2026-10-05T07:20:24Z,380.1,7359.4,24799.6,,,0.0,0.0,,,,,,0.0
2026-10-05T07:20:29Z,385.1,7359.4,24799.8,,,0.0,0.0,,,,,,0.0
2026-10-05T07:20:34Z,390.1,7359.4,24800.3,,,0.0,0.0,,,,,,0.0
2026-10-05T07:20:39Z,395.1,7359.4,24801.8,,,0.0,0.0,,,,,,0.0
2026-10-05T07:20:44Z,400.1,7359.4,24803.4,,,0.0,0.0,,,,,,0.0
2026-10-05T07:20:49Z,405.1,7359.4,24801.9,,,0.0,0.0,,,,,,0.0
2026-10-05T07:20:54Z,410.1,7359.4,24797.1,,,0.0,0.0,,,,,,0.0
2026-10-05T07:20:59Z,415.1,7359.4,24796.5,,,0.0,0.0,,,,,,0.0
2026-10-05T07:21:04Z,420.1,7359.4,24794.6,,,0.0,0.0,,,,,,0.0
2026-10-05T07:21:09Z,425.1,7359.4,24776.7,,,0.0,0.0,,,,,,0.0
2026-10-05T07:21:14Z,430.1,7359.4,24787.1,,,0.0,0.0,,,,,,0.0
2026-10-05T07:21:19Z,435.1,7359.4,24787.4,,,0.0,0.0,,,,,,0.0
2026-10-05T07:21:24Z,440.1,7359.4,24787.9,,,0.0,0.0,,,,,,0.0
2026-10-05T07:21:29Z,445.1,7359.4,24788.9,,,0.0,0.0,,,,,,0.0
2026-10-05T07:21:34Z,450.1,7359.4,24710.6,,,0.0,0.0,,,,,,0.0
2026-10-05T07:21:39Z,455.1,7359.4,24757.2,,,0.0,0.0,,,,,,0.0
2026-10-05T07:21:44Z,460.1,7359.4,24774.4,,,0.0,0.0,,,,,,0.0
2026-10-05T07:21:49Z,465.1,7359.4,24775.1,,,0.0,0.0,,,,,,0.0
2026-10-05T07:21:54Z,470.1,7359.4,24771.2,,,0.0,0.0,,,,,,0.0
2026-10-05T07:21:59Z,475.1,7359.4,24772.8,,,0.0,0.0,,,,,,0.0
2026-10-05T07:22:04Z,480.1,7359.4,24792.1,,,0.0,0.0,,,,,,0.0
2026-10-05T07:22:09Z,485.1,7359.4,24792.4,,,0.0,0.0,,,,,,0.0
2026-10-05T07:22:14Z,490.1,7359.4,24792.6,,,0.0,0.0,,,,,,0.0
2026-10-05T07:22:19Z,495.1,7359.4,24792.8,,,0.0,0.0,,,,,,0.0
2026-10-05T07:22:24Z,500.1,7359.4,24795.1,,,0.0,0.0,,,,,,0.0
2026-10-05T07:22:29Z,505.1,7359.4,24795.9,,,0.0,0.0,,,,,,0.0
2026-10-05T07:22:34Z,510.1,7359.4,24797.4,,,0.0,0.0,,,,,,0.0
2026-10-05T07:22:39Z,515.1,7359.4,24794.2,,,0.0,0.0,,,,,,0.0
2026-10-05T07:22:44Z,520.1,7359.4,24792.5,,,0.0,0.0,,,,,,0.0
2026-10-05T07:22:49Z,525.1,7359.4,24792.8,,,0.0,0.0,,,,,,0.0
2026-10-05T07:22:54Z,530.1,7359.4,24786.6,,,0.0,0.0,,,,,,0.0
2026-10-05T07:22:59Z,535.1,7359.4,24787.4,,,0.0,0.0,,,,,,0.0
2026-10-05T07:23:04Z,540.1,7359.4,24786.3,,,0.0,0.0,,,,,,0.0
2026-10-05T07:23:09Z,545.1,7359.4,24785.8,,,0.0,0.0,,,,,,0.0
2026-10-05T07:23:14Z,550.1,7359.4,24781.6,,,0.0,0.0,,,,,,0.0
2026-10-05T07:23:19Z,555.1,7359.4,24782.9,,,0.0,0.0,,,,,,0.0
2026-10-05T07:23:24Z,560.1,7359.4,24785.4,,,0.0,0.0,,,,,,0.0
2026-10-05T07:23:29Z,565.1,7359.4,24787.1,,,0.0,0.0,,,,,,0.0
2026-10-05T07:23:34Z,570.1,7359.4,24787.7,,,0.0,0.0,,,,,,0.0
2026-10-05T07:23:39Z,575.1,7359.4,24793.9,,,0.0,0.0,,,,,,0.0
2026-10-05T07:23:44Z,580.1,7359.4,24790.7,,,0.0,0.0,,,,,,0.0
2026-10-05T07:23:49Z,585.1,7359.4,24790.1,,,0.0,0.0,,,,,,0.0
2026-10-05T07:23:54Z,590.1,7359.4,24785.8,,,0.0,0.0,,,,,,0.0
2026-10-05T07:23:59Z,595.1,7359.4,24786.6,,,0.0,0.0,,,,,,0.0
2026-10-05T07:24:04Z,600.1,7359.4,24786.3,,,0.0,0.0,,,,,,0.0
2026-10-05T07:24:09Z,605.1,7359.4,24787.0,,,0.0,0.0,,,,,,0.0
2026-10-05T07:24:14Z,610.1,7359.4,24788.0,,,0.0,0.0,,,,,,0.0
2026-10-05T07:24:19Z,615.1,7359.4,24787.6,,,0.0,0.0,,,,,,0.0
2026-10-05T07:24:24Z,620.1,7359.4,24790.2,,,0.0,0.0,,,,,,0.0
2026-10-05T07:24:29Z,625.1,7359.4,24790.2,,,0.0,0.0,,,,,,0.0
2026-10-05T07:24:34Z,630.1,7359.4,24791.5,,,0.0,0.0,,,,,,0.0
2026-10-05T07:24:39Z,635.1,7359.4,24792.1,,,0.0,0.0,,,,,,0.0
2026-10-05T07:24:44Z,640.1,7359.4,24792.3,,,0.0,0.0,,,,,,0.0
2026-10-05T07:24:49Z,645.1,7359.4,24792.6,,,0.0,0.0,,,,,,0.0
2026-10-05T07:24:54Z,650.1,7359.4,24785.3,,,0.0,0.0,,,,,,0.0
2026-10-05T07:24:59Z,655.1,7359.4,24785.5,,,0.0,0.0,,,,,,0.0
2026-10-05T07:25:04Z,660.1,7359.4,24784.6,,,0.0,0.0,,,,,,0.0
2026-10-05T07:25:09Z,665.1,7359.4,24785.1,,,0.0,0.0,,,,,,0.0
2026-10-05T07:25:14Z,670.1,7359.4,24783.8,,,0.0,0.0,,,,,,0.0
2026-10-05T07:25:19Z,675.1,7359.4,24785.3,,,0.0,0.0,,,,,,0.0
2026-10-05T07:25:24Z,680.1,7359.4,24786.2,,,0.0,0.0,,,,,,0.0
2026-10-05T07:25:29Z,685.1,7359.4,24786.8,,,0.0,0.0,,,,,,0.0
2026-10-05T07:25:34Z,690.1,7359.4,24787.2,,,0.0,0.0,,,,,,0.0
2026-10-05T07:25:39Z,695.1,7359.4,24787.4,,,0.0,0.0,,,,,,0.0
2026-10-05T07:25:44Z,700.1,7359.4,24787.7,,,0.0,0.0,,,,,,0.0
2026-10-05T07:25:49Z,705.1,7359.4,24786.2,,,0.0,0.0,,,,,,0.0
2026-10-05T07:25:54Z,710.1,7359.4,24781.9,,,0.0,0.0,,,,,,0.0
2026-10-05T07:25:59Z,715.1,7359.4,24781.8,,,0.0,0.0,,,,,,0.0
2026-10-05T07:26:04Z,720.1,7359.4,24781.7,,,0.0,0.0,,,,,,0.0
2026-10-05T07:26:09Z,725.1,7359.4,24781.0,,,0.0,0.0,,,,,,0.0
2026-10-05T07:26:14Z,730.1,7359.4,24781.8,,,0.0,0.0,,,,,,0.0
2026-10-05T07:26:19Z,735.1,7359.4,24782.5,,,0.0,0.0,,,,,,0.0
2026-10-05T07:26:24Z,740.1,7359.4,24784.0,,,0.0,0.0,,,,,,0.0
2026-10-05T07:26:29Z,745.1,7359.4,24785.0,,,0.0,0.0,,,,,,0.0
2026-10-05T07:26:34Z,750.1,7359.4,24786.4,,,0.0,0.0,,,,,,0.0
2026-10-05T07:26:39Z,755.1,7359.4,24787.0,,,0.0,0.0,,,,,,0.0
2026-10-05T07:26:44Z,760.1,7359.4,24787.8,,,0.0,0.0,,,,,,0.0
2026-10-05T07:26:49Z,765.1,7359.4,24787.7,,,0.0,0.0,,,,,,0.0
2026-10-05T07:26:54Z,770.1,7359.4,24786.4,,,0.0,0.0,,,,,,0.0
2026-10-05T07:26:59Z,775.1,7359.4,24786.6,,,0.0,0.0,,,,,,0.0
2026-10-05T07:27:04Z,780.1,7359.4,24783.2,,,0.0,0.0,,,,,,0.0
2026-10-05T07:27:09Z,785.1,7359.4,24782.5,,,0.0,0.0,,,,,,0.0
2026-10-05T07:27:14Z,790.1,7359.4,24782.1,,,0.0,0.0,,,,,,0.0
2026-10-05T07:27:19Z,795.1,7359.4,24762.3,,,0.0,0.0,,,,,,0.0
2026-10-05T07:27:24Z,800.1,7359.4,24771.8,,,0.0,0.0,,,,,,0.0
2026-10-05T07:27:29Z,805.1,7359.4,24771.9,,,0.0,0.0,,,,,,0.0
2026-10-05T07:27:34Z,810.1,7359.4,24773.5,,,0.0,0.0,,,,,,0.0
2026-10-05T07:27:39Z,815.1,7359.4,24773.3,,,0.0,0.0,,,,,,0.0
2026-10-05T07:27:44Z,820.2,7359.4,24774.4,,,0.0,0.0,,,,,,0.0
2026-10-05T07:27:49Z,825.2,7359.4,24773.9,,,0.0,0.0,,,,,,0.0
