SeLockMemoryPrivilege: ENABLED -- SeLockMemoryPrivilege enabled on this process's token
AWE chunk: requested 524288 pages, got 524288. held_mb=2048.0 avail_mb=61514.1
AWE chunk: requested 524288 pages, got 524288. held_mb=4096.0 avail_mb=59473.2
AWE chunk: requested 524288 pages, got 524288. held_mb=6144.0 avail_mb=57421.6
AWE chunk: requested 524288 pages, got 524288. held_mb=8192.0 avail_mb=55369.7
AWE chunk: requested 524288 pages, got 524288. held_mb=10240.0 avail_mb=53315.9
AWE chunk: requested 524288 pages, got 524288. held_mb=12288.0 avail_mb=51264.6
AWE chunk: requested 524288 pages, got 524288. held_mb=14336.0 avail_mb=49213.3
AWE chunk: requested 524288 pages, got 524288. held_mb=16384.0 avail_mb=47161.4
AWE chunk: requested 524288 pages, got 524288. held_mb=18432.0 avail_mb=45109.6
AWE chunk: requested 524288 pages, got 524288. held_mb=20480.0 avail_mb=43057.6
AWE chunk: requested 524288 pages, got 524288. held_mb=22528.0 avail_mb=41004.8
AWE chunk: requested 524288 pages, got 524288. held_mb=24576.0 avail_mb=38953.1
AWE chunk: requested 524288 pages, got 524288. held_mb=26624.0 avail_mb=36901.1
AWE chunk: requested 524288 pages, got 524288. held_mb=28672.0 avail_mb=34849.3
AWE chunk: requested 524288 pages, got 524288. held_mb=30720.0 avail_mb=32796.8
AWE chunk: requested 524288 pages, got 524288. held_mb=32768.0 avail_mb=30746.8
AWE chunk: requested 524288 pages, got 524288. held_mb=34816.0 avail_mb=28694.6
AWE chunk: requested 524288 pages, got 524288. held_mb=36864.0 avail_mb=26641.6
AWE chunk: requested 524288 pages, got 524288. held_mb=38912.0 avail_mb=24589.4
AWE chunk: requested 524288 pages, got 524288. held_mb=40960.0 avail_mb=22537.5
AWE chunk: requested 524288 pages, got 524288. held_mb=43008.0 avail_mb=20485.3
AWE chunk: requested 524288 pages, got 524288. held_mb=45056.0 avail_mb=18426.7
AWE chunk: requested 248198 pages, got 248198. held_mb=46025.5 avail_mb=16374.7
TARGET REACHED (or best effort). mechanism=AWE held_mb=46025.5 available_mb=15399.5 target_available_mb=15405.2
2026-09-26T08:23:36Z,0.0,46025.5,15399.4,,,0.0,0.0,,,,,,0.0
2026-09-26T08:23:41Z,5.0,46025.5,15381.9,,,0.0,0.0,,,,,,0.0
2026-09-26T08:23:46Z,10.0,46025.5,15346.6,,,0.0,0.0,,,,,,0.0
2026-09-26T08:23:51Z,15.0,46025.5,15337.8,,,0.0,0.0,,,,,,0.0
2026-09-26T08:23:56Z,20.0,46025.5,15331.3,,,0.0,0.0,,,,,,0.0
2026-09-26T08:24:01Z,25.0,46025.5,3750.9,,,0.0,0.0,,,,,,0.0
2026-09-26T08:24:06Z,30.0,46025.5,3732.4,,,0.0,0.0,,,,,,0.0
2026-09-26T08:24:11Z,35.0,46025.5,3723.8,,,0.0,0.0,,,,,,0.0
2026-09-26T08:24:16Z,40.0,46025.5,3720.2,,,0.0,0.0,,,,,,0.0
2026-09-26T08:24:21Z,45.0,46025.5,3715.4,,,0.0,0.0,,,,,,0.0
2026-09-26T08:24:26Z,50.0,46025.5,3711.3,,,0.0,0.0,,,,,,0.0
2026-09-26T08:24:31Z,55.0,46025.5,3664.1,,,0.0,0.0,,,,,,0.0
2026-09-26T08:24:36Z,60.0,46025.5,3672.1,,,0.0,0.0,,,,,,0.0
2026-09-26T08:24:41Z,65.0,46025.5,3667.6,,,0.0,0.0,,,,,,0.0
2026-09-26T08:24:46Z,70.0,46025.5,3652.0,,,0.0,0.0,,,,,,0.0
2026-09-26T08:24:51Z,75.0,46025.5,3642.9,,,0.0,0.0,,,,,,0.0
2026-09-26T08:24:56Z,80.0,46025.5,3648.7,,,0.0,0.0,,,,,,0.0
2026-09-26T08:25:01Z,85.0,46025.5,3639.6,,,0.0,0.0,,,,,,0.0
2026-09-26T08:25:06Z,90.0,46025.5,3636.0,,,0.0,0.0,,,,,,0.0
2026-09-26T08:25:11Z,95.0,46025.5,3631.9,,,0.0,0.0,,,,,,0.0
2026-09-26T08:25:16Z,100.0,46025.5,3640.9,,,0.0,0.0,,,,,,0.0
2026-09-26T08:25:21Z,105.0,46025.5,3634.9,,,0.0,0.0,,,,,,0.0
2026-09-26T08:25:26Z,110.0,46025.5,3639.8,,,0.0,0.0,,,,,,0.0
2026-09-26T08:25:31Z,115.0,46025.5,3635.7,,,0.0,0.0,,,,,,0.0
2026-09-26T08:25:36Z,120.0,46025.5,3633.9,,,0.0,0.0,,,,,,0.0
2026-09-26T08:25:41Z,125.0,46025.5,3637.1,,,0.0,0.0,,,,,,0.0
2026-09-26T08:25:46Z,130.0,46025.5,3638.6,,,0.0,0.0,,,,,,0.0
2026-09-26T08:25:51Z,135.0,46025.5,3635.0,,,0.0,0.0,,,,,,0.0
2026-09-26T08:25:56Z,140.0,46025.5,3645.9,,,0.0,0.0,,,,,,0.0
2026-09-26T08:26:01Z,145.0,46025.5,3630.3,,,0.0,0.0,,,,,,0.0
2026-09-26T08:26:06Z,150.0,46025.5,3631.5,,,0.0,0.0,,,,,,0.0
2026-09-26T08:26:11Z,155.0,46025.5,3632.1,,,0.0,0.0,,,,,,0.0
2026-09-26T08:26:16Z,160.0,46025.5,3635.4,,,0.0,0.0,,,,,,0.0
2026-09-26T08:26:21Z,165.0,46025.5,3634.0,,,0.0,0.0,,,,,,0.0
2026-09-26T08:26:26Z,170.0,46025.5,3629.8,,,0.0,0.0,,,,,,0.0
2026-09-26T08:26:31Z,175.0,46025.5,3619.0,,,0.0,0.0,,,,,,0.0
2026-09-26T08:26:36Z,180.0,46025.5,3626.2,,,0.0,0.0,,,,,,0.0
2026-09-26T08:26:41Z,185.0,46025.5,3629.3,,,0.0,0.0,,,,,,0.0
2026-09-26T08:26:46Z,190.0,46025.5,3611.5,,,0.0,0.0,,,,,,0.0
2026-09-26T08:26:51Z,195.0,46025.5,3634.4,,,0.0,0.0,,,,,,0.0
2026-09-26T08:26:56Z,200.0,46025.5,3568.7,,,0.0,0.0,,,,,,0.0
2026-09-26T08:27:01Z,205.0,46025.5,3623.1,,,0.0,0.0,,,,,,0.0
2026-09-26T08:27:06Z,210.0,46025.5,3621.4,,,0.0,0.0,,,,,,0.0
2026-09-26T08:27:11Z,215.0,46025.5,3623.2,,,0.0,0.0,,,,,,0.0
2026-09-26T08:27:16Z,220.0,46025.5,3627.4,,,0.0,0.0,,,,,,0.0
2026-09-26T08:27:21Z,225.0,46025.5,3628.0,,,0.0,0.0,,,,,,0.0
2026-09-26T08:27:26Z,230.0,46025.5,3621.3,,,0.0,0.0,,,,,,0.0
2026-09-26T08:27:31Z,235.0,46025.5,3625.4,,,0.0,0.0,,,,,,0.0
2026-09-26T08:27:36Z,240.0,46025.5,3623.1,,,0.0,0.0,,,,,,0.0
2026-09-26T08:27:41Z,245.0,46025.5,3622.2,,,0.0,0.0,,,,,,0.0
2026-09-26T08:27:46Z,250.0,46025.5,3621.0,,,0.0,0.0,,,,,,0.0
2026-09-26T08:27:51Z,255.0,46025.5,3626.8,,,0.0,0.0,,,,,,0.0
2026-09-26T08:27:56Z,260.0,46025.5,3623.5,,,0.0,0.0,,,,,,0.0
2026-09-26T08:28:01Z,265.0,46025.5,3622.1,,,0.0,0.0,,,,,,0.0
2026-09-26T08:28:06Z,270.0,46025.5,3619.8,,,0.0,0.0,,,,,,0.0
2026-09-26T08:28:11Z,275.0,46025.5,3620.5,,,0.0,0.0,,,,,,0.0
2026-09-26T08:28:16Z,280.0,46025.5,3622.1,,,0.0,0.0,,,,,,0.0
2026-09-26T08:28:21Z,285.0,46025.5,3572.4,,,0.0,0.0,,,,,,0.0
2026-09-26T08:28:26Z,290.0,46025.5,3614.9,,,0.0,0.0,,,,,,0.0
2026-09-26T08:28:31Z,295.0,46025.5,3618.8,,,0.0,0.0,,,,,,0.0
2026-09-26T08:28:36Z,300.0,46025.5,3585.3,,,0.0,0.0,,,,,,0.0
2026-09-26T08:28:41Z,305.0,46025.5,3612.5,,,0.0,0.0,,,,,,0.0
2026-09-26T08:28:46Z,310.1,46025.5,3570.4,,,0.0,0.0,,,,,,0.0
2026-09-26T08:28:51Z,315.1,46025.5,3616.4,,,0.0,0.0,,,,,,0.0
2026-09-26T08:28:56Z,320.1,46025.5,3605.4,,,0.0,0.0,,,,,,0.0
2026-09-26T08:29:01Z,325.1,46025.5,3617.2,,,0.0,0.0,,,,,,0.0
2026-09-26T08:29:06Z,330.1,46025.5,3601.5,,,0.0,0.0,,,,,,0.0
2026-09-26T08:29:11Z,335.1,46025.5,3600.5,,,0.0,0.0,,,,,,0.0
2026-09-26T08:29:16Z,340.1,46025.5,3597.7,,,0.0,0.0,,,,,,0.0
2026-09-26T08:29:21Z,345.1,46025.5,3605.9,,,0.0,0.0,,,,,,0.0
2026-09-26T08:29:26Z,350.1,46025.5,3595.2,,,0.0,0.0,,,,,,0.0
2026-09-26T08:29:31Z,355.1,46025.5,3589.9,,,0.0,0.0,,,,,,0.0
2026-09-26T08:29:36Z,360.1,46025.5,3602.3,,,0.0,0.0,,,,,,0.0
2026-09-26T08:29:41Z,365.1,46025.5,3601.9,,,0.0,0.0,,,,,,0.0
2026-09-26T08:29:46Z,370.1,46025.5,3604.5,,,0.0,0.0,,,,,,0.0
2026-09-26T08:29:51Z,375.1,46025.5,3596.3,,,0.0,0.0,,,,,,0.0
2026-09-26T08:29:56Z,380.1,46025.5,3601.2,,,0.0,0.0,,,,,,0.0
2026-09-26T08:30:01Z,385.1,46025.5,3601.0,,,0.0,0.0,,,,,,0.0
2026-09-26T08:30:06Z,390.1,46025.5,3592.1,,,0.0,0.0,,,,,,0.0
2026-09-26T08:30:11Z,395.1,46025.5,3594.0,,,0.0,0.0,,,,,,0.0
2026-09-26T08:30:16Z,400.1,46025.5,3578.2,,,0.0,0.0,,,,,,0.0
2026-09-26T08:30:21Z,405.1,46025.5,3587.1,,,0.0,0.0,,,,,,0.0
2026-09-26T08:30:26Z,410.1,46025.5,3582.3,,,0.0,0.0,,,,,,0.0
2026-09-26T08:30:31Z,415.1,46025.5,3586.3,,,0.0,0.0,,,,,,0.0
2026-09-26T08:30:36Z,420.1,46025.5,3597.3,,,0.0,0.0,,,,,,0.0
2026-09-26T08:30:41Z,425.1,46025.5,3598.3,,,0.0,0.0,,,,,,0.0
2026-09-26T08:30:46Z,430.1,46025.5,3586.9,,,0.0,0.0,,,,,,0.0
2026-09-26T08:30:51Z,435.1,46025.5,3602.3,,,0.0,0.0,,,,,,0.0
2026-09-26T08:30:56Z,440.1,46025.5,3595.0,,,0.0,0.0,,,,,,0.0
2026-09-26T08:31:01Z,445.1,46025.5,3595.0,,,0.0,0.0,,,,,,0.0
2026-09-26T08:31:06Z,450.1,46025.5,3523.6,,,0.0,0.0,,,,,,0.0
2026-09-26T08:31:11Z,455.1,46025.5,3591.2,,,0.0,0.0,,,,,,0.0
2026-09-26T08:31:16Z,460.1,46025.5,3588.8,,,0.0,0.0,,,,,,0.0
2026-09-26T08:31:21Z,465.1,46025.5,3589.9,,,0.0,0.0,,,,,,0.0
2026-09-26T08:31:26Z,470.1,46025.5,3588.6,,,0.0,0.0,,,,,,0.0
2026-09-26T08:31:31Z,475.1,46025.5,3587.0,,,0.0,0.0,,,,,,0.0
2026-09-26T08:31:36Z,480.1,46025.5,3604.2,,,0.0,0.0,,,,,,0.0
2026-09-26T08:31:41Z,485.1,46025.5,3599.0,,,0.0,0.0,,,,,,0.0
2026-09-26T08:31:46Z,490.1,46025.5,3587.6,,,0.0,0.0,,,,,,0.0
2026-09-26T08:31:51Z,495.1,46025.5,3563.3,,,0.0,0.0,,,,,,0.0
2026-09-26T08:31:56Z,500.1,46025.5,3590.2,,,0.0,0.0,,,,,,0.0
2026-09-26T08:32:01Z,505.1,46025.5,3523.3,,,0.0,0.0,,,,,,0.0
2026-09-26T08:32:06Z,510.1,46025.5,3592.6,,,0.0,0.0,,,,,,0.0
2026-09-26T08:32:11Z,515.1,46025.5,3587.3,,,0.0,0.0,,,,,,0.0
2026-09-26T08:32:16Z,520.1,46025.5,3591.5,,,0.0,0.0,,,,,,0.0
2026-09-26T08:32:21Z,525.1,46025.5,3590.3,,,0.0,0.0,,,,,,0.0
2026-09-26T08:32:26Z,530.1,46025.5,3589.0,,,0.0,0.0,,,,,,0.0
2026-09-26T08:32:31Z,535.1,46025.5,3588.9,,,0.0,0.0,,,,,,0.0
2026-09-26T08:32:36Z,540.1,46025.5,3586.8,,,0.0,0.0,,,,,,0.0
2026-09-26T08:32:41Z,545.1,46025.5,3593.3,,,0.0,0.0,,,,,,0.0
2026-09-26T08:32:46Z,550.1,46025.5,3589.8,,,0.0,0.0,,,,,,0.0
2026-09-26T08:32:51Z,555.1,46025.5,3595.6,,,0.0,0.0,,,,,,0.0
2026-09-26T08:32:56Z,560.1,46025.5,3560.7,,,0.0,0.0,,,,,,0.0
2026-09-26T08:33:01Z,565.1,46025.5,3586.5,,,0.0,0.0,,,,,,0.0
2026-09-26T08:33:06Z,570.1,46025.5,3582.2,,,0.0,0.0,,,,,,0.0
2026-09-26T08:33:11Z,575.1,46025.5,3580.5,,,0.0,0.0,,,,,,0.0
2026-09-26T08:33:16Z,580.1,46025.5,3578.4,,,0.0,0.0,,,,,,0.0
2026-09-26T08:33:21Z,585.1,46025.5,3579.0,,,0.0,0.0,,,,,,0.0
2026-09-26T08:33:26Z,590.1,46025.5,3576.7,,,0.0,0.0,,,,,,0.0
2026-09-26T08:33:31Z,595.1,46025.5,3580.4,,,0.0,0.0,,,,,,0.0
2026-09-26T08:33:36Z,600.1,46025.5,1812.7,,,0.0,0.0,,,,,,0.0
2026-09-26T08:33:41Z,605.1,46025.5,1787.3,,,0.0,0.0,,,,,,0.0
2026-09-26T08:33:46Z,610.1,46025.5,1813.1,,,0.0,0.0,,,,,,0.0
2026-09-26T08:33:51Z,615.1,46025.5,1808.6,,,0.0,0.0,,,,,,0.0
2026-09-26T08:33:56Z,620.1,46025.5,1821.2,,,0.0,0.0,,,,,,0.0
2026-09-26T08:34:01Z,625.1,46025.5,1790.5,,,0.0,0.0,,,,,,0.0
2026-09-26T08:34:06Z,630.1,46025.5,1784.5,,,0.0,0.0,,,,,,0.0
2026-09-26T08:34:11Z,635.1,46025.5,1808.3,,,0.0,0.0,,,,,,0.0
2026-09-26T08:34:16Z,640.1,46025.5,1785.4,,,0.0,0.0,,,,,,0.0
2026-09-26T08:34:21Z,645.1,46025.5,1812.4,,,0.0,0.0,,,,,,0.0
2026-09-26T08:34:26Z,650.1,46025.5,1738.9,,,0.0,0.0,,,,,,0.0
2026-09-26T08:34:31Z,655.1,46025.5,1797.8,,,0.0,0.0,,,,,,0.0
2026-09-26T08:34:36Z,660.1,46025.5,1833.1,,,0.0,0.0,,,,,,0.0
2026-09-26T08:34:41Z,665.1,46025.5,1786.6,,,0.0,0.0,,,,,,0.0
2026-09-26T08:34:46Z,670.1,46025.5,1808.2,,,0.0,0.0,,,,,,0.0
2026-09-26T08:34:51Z,675.1,46025.5,1783.4,,,0.0,0.0,,,,,,0.0
2026-09-26T08:34:56Z,680.1,46025.5,1787.1,,,0.0,0.0,,,,,,0.0
2026-09-26T08:35:01Z,685.1,46025.5,1813.1,,,0.0,0.0,,,,,,0.0
2026-09-26T08:35:06Z,690.1,46025.5,1783.4,,,0.0,0.0,,,,,,0.0
2026-09-26T08:35:11Z,695.1,46025.5,1219.1,,,0.0,0.0,,,,,,0.0
2026-09-26T08:35:16Z,700.1,46025.5,1216.5,,,0.0,0.0,,,,,,0.0
2026-09-26T08:35:21Z,705.1,46025.5,1222.1,,,0.0,0.0,,,,,,0.0
2026-09-26T08:35:26Z,710.1,46025.5,1225.2,,,0.0,0.0,,,,,,0.0
2026-09-26T08:35:31Z,715.1,46025.5,1222.8,,,0.0,0.0,,,,,,0.0
2026-09-26T08:35:36Z,720.1,46025.5,1213.7,,,0.0,0.0,,,,,,0.0
2026-09-26T08:35:41Z,725.1,46025.5,1216.3,,,0.0,0.0,,,,,,0.0
2026-09-26T08:35:46Z,730.1,46025.5,1213.4,,,0.0,0.0,,,,,,0.0
2026-09-26T08:35:51Z,735.1,46025.5,1212.0,,,0.0,0.0,,,,,,0.0
2026-09-26T08:35:56Z,740.1,46025.5,1164.8,,,0.0,0.0,,,,,,0.0
2026-09-26T08:36:01Z,745.1,46025.5,1220.5,,,0.0,0.0,,,,,,0.0
2026-09-26T08:36:06Z,750.1,46025.5,1215.7,,,0.0,0.0,,,,,,0.0
2026-09-26T08:36:11Z,755.1,46025.5,1211.4,,,0.0,0.0,,,,,,0.0
2026-09-26T08:36:16Z,760.1,46025.5,1215.3,,,0.0,0.0,,,,,,0.0
2026-09-26T08:36:21Z,765.1,46025.5,1212.4,,,0.0,0.0,,,,,,0.0
2026-09-26T08:36:26Z,770.1,46025.5,1209.6,,,0.0,0.0,,,,,,0.0
2026-09-26T08:36:31Z,775.1,46025.5,1217.3,,,0.0,0.0,,,,,,0.0
2026-09-26T08:36:36Z,780.1,46025.5,1234.0,,,0.0,0.0,,,,,,0.0
2026-09-26T08:36:41Z,785.1,46025.5,558.9,,,0.0,0.0,,,,,,0.0
2026-09-26T08:36:46Z,790.1,46025.5,548.4,,,0.0,0.0,,,,,,0.0
2026-09-26T08:36:51Z,795.1,46025.5,548.9,,,0.0,0.0,,,,,,0.0
2026-09-26T08:36:56Z,800.1,46025.5,545.6,,,0.0,0.0,,,,,,0.0
2026-09-26T08:37:01Z,805.1,46025.5,502.6,,,0.0,0.0,,,,,,0.0
2026-09-26T08:37:06Z,810.1,46025.5,552.4,,,0.0,0.0,,,,,,0.0
2026-09-26T08:37:11Z,815.1,46025.5,497.7,,,0.0,0.0,,,,,,0.0
2026-09-26T08:37:16Z,820.1,46025.5,547.8,,,0.0,0.0,,,,,,0.0
2026-09-26T08:37:21Z,825.1,46025.5,554.1,,,0.0,0.0,,,,,,0.0
2026-09-26T08:37:26Z,830.1,46025.5,546.7,,,0.0,0.0,,,,,,0.0
2026-09-26T08:37:31Z,835.1,46025.5,562.3,,,0.0,0.0,,,,,,0.0
2026-09-26T08:37:36Z,840.1,46025.5,560.1,,,0.0,0.0,,,,,,0.0
2026-09-26T08:37:41Z,845.1,46025.5,503.9,,,0.0,0.0,,,,,,0.0
2026-09-26T08:37:46Z,850.1,46025.5,547.4,,,0.0,0.0,,,,,,0.0
2026-09-26T08:37:51Z,855.1,46025.5,546.7,,,0.0,0.0,,,,,,0.0
2026-09-26T08:37:56Z,860.1,46025.5,540.2,,,0.0,0.0,,,,,,0.0
2026-09-26T08:38:01Z,865.1,46025.5,485.6,,,0.0,0.0,,,,,,0.0
2026-09-26T08:38:06Z,870.1,46025.5,553.8,,,0.0,0.0,,,,,,0.0
2026-09-26T08:38:11Z,875.1,46025.5,1420.8,,,0.0,0.0,,,,,,0.0
2026-09-26T08:38:16Z,880.1,46025.5,1423.6,,,0.0,0.0,,,,,,0.0
2026-09-26T08:38:21Z,885.2,46025.5,1419.3,,,0.0,0.0,,,,,,0.0
2026-09-26T08:38:26Z,890.2,46025.5,1424.2,,,0.0,0.0,,,,,,0.0
2026-09-26T08:38:31Z,895.2,46025.5,1424.6,,,0.0,0.0,,,,,,0.0
2026-09-26T08:38:36Z,900.2,46025.5,1441.1,,,0.0,0.0,,,,,,0.0
2026-09-26T08:38:41Z,905.2,46025.5,1435.6,,,0.0,0.0,,,,,,0.0
2026-09-26T08:38:46Z,910.2,46025.5,1423.5,,,0.0,0.0,,,,,,0.0
2026-09-26T08:38:51Z,915.2,46025.5,1417.4,,,0.0,0.0,,,,,,0.0
2026-09-26T08:38:56Z,920.2,46025.5,1419.4,,,0.0,0.0,,,,,,0.0
2026-09-26T08:39:01Z,925.2,46025.5,1418.0,,,0.0,0.0,,,,,,0.0
2026-09-26T08:39:06Z,930.2,46025.5,1428.4,,,0.0,0.0,,,,,,0.0
2026-09-26T08:39:11Z,935.2,46025.5,1413.1,,,0.0,0.0,,,,,,0.0
2026-09-26T08:39:16Z,940.2,46025.5,1425.8,,,0.0,0.0,,,,,,0.0
2026-09-26T08:39:21Z,945.2,46025.5,1224.7,,,0.0,0.0,,,,,,0.0
2026-09-26T08:39:26Z,950.2,46025.5,1038.5,,,0.0,0.0,,,,,,0.0
2026-09-26T08:39:31Z,955.2,46025.5,1018.5,,,0.0,0.0,,,,,,0.0
2026-09-26T08:39:36Z,960.2,46025.5,938.1,,,0.0,0.0,,,,,,0.0
2026-09-26T08:39:41Z,965.2,46025.5,825.2,,,0.0,0.0,,,,,,0.0
2026-09-26T08:39:46Z,970.2,46025.5,933.6,,,0.0,0.0,,,,,,0.0
2026-09-26T08:39:51Z,975.2,46025.5,877.2,,,0.0,0.0,,,,,,0.0
2026-09-26T08:39:56Z,980.2,46025.5,1003.4,,,0.0,0.0,,,,,,0.0
2026-09-26T08:40:01Z,985.2,46025.5,955.9,,,0.0,0.0,,,,,,0.0
2026-09-26T08:40:06Z,990.2,46025.5,917.2,,,0.0,0.0,,,,,,0.0
2026-09-26T08:40:11Z,995.2,46025.5,1041.8,,,0.0,0.0,,,,,,0.0
2026-09-26T08:40:16Z,1000.2,46025.5,1060.5,,,0.0,0.0,,,,,,0.0
2026-09-26T08:40:21Z,1005.2,46025.5,1136.5,,,0.0,0.0,,,,,,0.0
2026-09-26T08:40:26Z,1010.2,46025.5,1183.7,,,0.0,0.0,,,,,,0.0
2026-09-26T08:40:31Z,1015.2,46025.5,1191.7,,,0.0,0.0,,,,,,0.0
2026-09-26T08:40:36Z,1020.2,46025.5,1239.2,,,0.0,0.0,,,,,,0.0
2026-09-26T08:40:41Z,1025.2,46025.5,1209.7,,,0.0,0.0,,,,,,0.0
2026-09-26T08:40:46Z,1030.2,46025.5,1226.5,,,0.0,0.0,,,,,,0.0
2026-09-26T08:40:51Z,1035.2,46025.5,1213.4,,,0.0,0.0,,,,,,0.0
2026-09-26T08:40:56Z,1040.2,46025.5,1207.3,,,0.0,0.0,,,,,,0.0
2026-09-26T08:41:01Z,1045.2,46025.5,1201.3,,,0.0,0.0,,,,,,0.0
2026-09-26T08:41:06Z,1050.2,46025.5,1211.5,,,0.0,0.0,,,,,,0.0
2026-09-26T08:41:11Z,1055.2,46025.5,1199.5,,,0.0,0.0,,,,,,0.0
2026-09-26T08:41:16Z,1060.2,46025.5,1215.0,,,0.0,0.0,,,,,,0.0
2026-09-26T08:41:21Z,1065.2,46025.5,90.4,,,0.0,0.0,,,,,,0.0
2026-09-26T08:41:26Z,1070.2,46025.5,1621.6,,,0.0,0.0,,,,,,0.0
2026-09-26T08:41:31Z,1075.2,46025.5,2468.0,,,0.0,0.0,,,,,,0.0
2026-09-26T08:41:36Z,1080.2,46025.5,2918.6,,,0.0,0.0,,,,,,0.0
2026-09-26T08:41:41Z,1085.2,46025.5,2893.6,,,0.0,0.0,,,,,,0.0
2026-09-26T08:41:46Z,1090.2,46025.5,2881.2,,,0.0,0.0,,,,,,0.0
2026-09-26T08:41:51Z,1095.2,46025.5,2840.4,,,0.0,0.0,,,,,,0.0
2026-09-26T08:41:56Z,1100.2,46025.5,2895.8,,,0.0,0.0,,,,,,0.0
2026-09-26T08:42:01Z,1105.2,46025.5,2869.6,,,0.0,0.0,,,,,,0.0
2026-09-26T08:42:06Z,1110.2,46025.5,2881.7,,,0.0,0.0,,,,,,0.0
2026-09-26T08:42:11Z,1115.2,46025.5,2874.4,,,0.0,0.0,,,,,,0.0
2026-09-26T08:42:16Z,1120.2,46025.5,2875.4,,,0.0,0.0,,,,,,0.0
2026-09-26T08:42:21Z,1125.2,46025.5,2875.0,,,0.0,0.0,,,,,,0.0
2026-09-26T08:42:26Z,1130.2,46025.5,2884.6,,,0.0,0.0,,,,,,0.0
2026-09-26T08:42:31Z,1135.2,46025.5,2869.1,,,0.0,0.0,,,,,,0.0
2026-09-26T08:42:36Z,1140.2,46025.5,7735.3,,,0.0,0.0,,,,,,0.0
