SeLockMemoryPrivilege: ENABLED -- SeLockMemoryPrivilege enabled on this process's token
AWE chunk: requested 524288 pages, got 524288. held_mb=2048.0 avail_mb=61522.7
AWE chunk: requested 524288 pages, got 524288. held_mb=4096.0 avail_mb=59482.8
AWE chunk: requested 524288 pages, got 524288. held_mb=6144.0 avail_mb=57433.1
AWE chunk: requested 524288 pages, got 524288. held_mb=8192.0 avail_mb=55380.0
AWE chunk: requested 524288 pages, got 524288. held_mb=10240.0 avail_mb=53328.1
AWE chunk: requested 524288 pages, got 524288. held_mb=12288.0 avail_mb=51276.0
AWE chunk: requested 524288 pages, got 524288. held_mb=14336.0 avail_mb=49219.9
AWE chunk: requested 524288 pages, got 524288. held_mb=16384.0 avail_mb=47168.5
AWE chunk: requested 524288 pages, got 524288. held_mb=18432.0 avail_mb=45116.7
AWE chunk: requested 524288 pages, got 524288. held_mb=20480.0 avail_mb=43064.3
AWE chunk: requested 524288 pages, got 524288. held_mb=22528.0 avail_mb=41012.8
AWE chunk: requested 524288 pages, got 524288. held_mb=24576.0 avail_mb=38962.6
AWE chunk: requested 524288 pages, got 524288. held_mb=26624.0 avail_mb=36913.2
AWE chunk: requested 524288 pages, got 524288. held_mb=28672.0 avail_mb=34860.0
AWE chunk: requested 524288 pages, got 524288. held_mb=30720.0 avail_mb=32809.2
AWE chunk: requested 524288 pages, got 524288. held_mb=32768.0 avail_mb=30754.6
AWE chunk: requested 524288 pages, got 524288. held_mb=34816.0 avail_mb=28702.8
AWE chunk: requested 524288 pages, got 524288. held_mb=36864.0 avail_mb=26652.1
AWE chunk: requested 524288 pages, got 524288. held_mb=38912.0 avail_mb=24599.5
AWE chunk: requested 524288 pages, got 524288. held_mb=40960.0 avail_mb=22546.2
AWE chunk: requested 524288 pages, got 524288. held_mb=43008.0 avail_mb=20494.6
AWE chunk: requested 524288 pages, got 524288. held_mb=45056.0 avail_mb=18442.7
AWE chunk: requested 524288 pages, got 524288. held_mb=47104.0 avail_mb=16390.7
AWE chunk: requested 524288 pages, got 524288. held_mb=49152.0 avail_mb=14338.8
AWE chunk: requested 524288 pages, got 524288. held_mb=51200.0 avail_mb=12286.4
AWE chunk: requested 524288 pages, got 524288. held_mb=53248.0 avail_mb=10234.7
AWE chunk: requested 510323 pages, got 510323. held_mb=55241.4 avail_mb=8182.7
TARGET REACHED (or best effort). mechanism=AWE held_mb=55241.4 available_mb=6185.4 target_available_mb=6189.200000000001
2026-09-28T23:44:15Z,0.0,55241.4,6185.4,,,0.0,0.0,,,,,,0.0
2026-09-28T23:44:20Z,5.0,55241.4,0.9,,,0.0,0.0,,,,,,0.1
2026-09-28T23:44:28Z,10.3,55241.4,260.6,,,0.0,0.0,,,,,,2.7
2026-09-28T23:44:33Z,17.1,55241.4,128.4,,,0.0,0.0,,,,,,0.6
2026-09-28T23:44:37Z,22.3,55241.4,161.9,,,0.0,0.0,,,,,,0.0
2026-09-28T23:44:42Z,27.4,55241.4,264.7,,,0.0,0.0,,,,,,0.0
2026-09-28T23:44:48Z,32.5,55241.4,303.0,,,0.0,0.0,,,,,,0.0
2026-09-28T23:44:52Z,37.5,55241.4,179.9,,,0.0,0.0,,,,,,0.0
2026-09-28T23:44:58Z,42.7,55241.4,93.2,,,0.0,0.0,,,,,,0.0
2026-09-28T23:45:03Z,47.8,55241.4,411.3,,,0.0,0.0,,,,,,0.1
2026-09-28T23:45:08Z,52.9,55241.4,143.3,,,0.0,0.0,,,,,,0.2
2026-09-28T23:45:13Z,57.9,55241.4,13.9,,,0.0,0.0,,,,,,0.2
2026-09-28T23:45:18Z,63.0,55241.4,179.2,,,0.0,0.0,,,,,,0.0
2026-09-28T23:45:23Z,68.0,55241.4,13.4,,,0.0,0.0,,,,,,0.1
2026-09-28T23:45:28Z,73.1,55241.4,221.8,,,0.0,0.0,,,,,,0.0
2026-09-28T23:45:33Z,78.1,55241.4,108.0,,,0.0,0.0,,,,,,0.1
2026-09-28T23:45:38Z,83.2,55241.4,461.6,,,0.0,0.0,,,,,,0.1
2026-09-28T23:45:44Z,88.3,55241.4,92.4,,,0.0,0.0,,,,,,0.1
2026-09-28T23:45:49Z,94.0,55241.4,300.3,,,0.0,0.0,,,,,,0.0
2026-09-28T23:45:56Z,99.5,55241.4,278.2,,,0.0,0.0,,,,,,0.1
2026-09-28T23:46:00Z,105.1,55241.4,407.2,,,0.0,0.0,,,,,,2.0
2026-09-28T23:46:05Z,110.1,55241.4,317.0,,,0.0,0.0,,,,,,0.0
2026-09-28T23:46:10Z,115.1,55241.4,96.6,,,0.0,0.0,,,,,,0.0
2026-09-28T23:46:16Z,120.4,55241.4,74.7,,,0.0,0.0,,,,,,0.8
2026-09-28T23:46:20Z,125.5,55241.4,236.9,,,0.0,0.0,,,,,,0.0
2026-09-28T23:46:25Z,130.5,55241.4,28.1,,,0.0,0.0,,,,,,0.1
2026-09-28T23:46:31Z,135.7,55241.4,160.5,,,0.0,0.0,,,,,,0.5
2026-09-28T23:46:36Z,140.8,55241.4,4.1,,,0.0,0.0,,,,,,0.2
2026-09-28T23:46:41Z,145.8,55241.4,16.9,,,0.0,0.0,,,,,,0.5
2026-09-28T23:46:46Z,150.9,55241.4,4.0,,,0.0,0.0,,,,,,0.5
2026-09-28T23:46:58Z,157.3,55241.4,9.2,,,0.0,0.0,,,,,,0.5
2026-09-28T23:46:58Z,163.3,55241.4,220.0,,,0.0,0.0,,,,,,0.1
2026-09-28T23:47:03Z,168.3,55241.4,377.0,,,0.0,0.0,,,,,,0.2
2026-09-28T23:47:08Z,173.4,55241.4,382.7,,,0.0,0.0,,,,,,0.0
2026-09-28T23:47:14Z,178.5,55241.4,313.8,,,0.0,0.0,,,,,,0.1
2026-09-28T23:47:19Z,183.5,55241.4,311.0,,,0.0,0.0,,,,,,0.0
2026-09-28T23:47:24Z,188.6,55241.4,8.8,,,0.0,0.0,,,,,,0.1
2026-09-28T23:47:29Z,193.7,55241.4,533.9,,,0.0,0.0,,,,,,0.1
2026-09-28T23:47:35Z,199.1,55241.4,4.3,,,0.0,0.0,,,,,,0.8
2026-09-28T23:47:40Z,204.4,55241.4,324.3,,,0.0,0.0,,,,,,0.0
2026-09-28T23:47:45Z,209.7,55241.4,304.6,,,0.0,0.0,,,,,,0.0
2026-09-28T23:47:50Z,214.7,55241.4,127.5,,,0.0,0.0,,,,,,0.0
2026-09-28T23:47:55Z,219.7,55241.4,222.7,,,0.0,0.0,,,,,,0.0
2026-09-28T23:48:00Z,224.7,55241.4,231.6,,,0.0,0.0,,,,,,0.1
2026-09-28T23:48:05Z,229.8,55241.4,9.5,,,0.0,0.0,,,,,,0.1
2026-09-28T23:48:10Z,234.8,55241.4,60.3,,,0.0,0.0,,,,,,0.0
2026-09-28T23:48:15Z,239.8,55241.4,116.5,,,0.0,0.0,,,,,,0.2
2026-09-28T23:48:20Z,244.9,55241.4,1.6,,,0.0,0.0,,,,,,0.2
2026-09-28T23:48:25Z,249.9,55241.4,1.0,,,0.0,0.0,,,,,,0.2
2026-09-28T23:48:30Z,254.9,55241.4,60.1,,,0.0,0.0,,,,,,0.0
2026-09-28T23:48:35Z,260.1,55241.4,328.5,,,0.0,0.0,,,,,,0.5
2026-09-28T23:48:40Z,265.2,55241.4,4.2,,,0.0,0.0,,,,,,0.1
2026-09-28T23:48:45Z,270.2,55241.4,202.7,,,0.0,0.0,,,,,,0.1
2026-09-28T23:48:52Z,275.4,55241.4,56.6,,,0.0,0.0,,,,,,2.2
2026-09-28T23:48:57Z,280.9,55241.4,114.3,,,0.0,0.0,,,,,,1.2
2026-09-28T23:49:01Z,286.1,55241.4,14.8,,,0.0,0.0,,,,,,0.1
2026-09-28T23:49:06Z,291.3,55241.4,303.8,,,0.0,0.0,,,,,,0.0
2026-09-28T23:49:11Z,296.5,55241.4,128.4,,,0.0,0.0,,,,,,0.0
2026-09-28T23:49:17Z,301.8,55241.4,236.9,,,0.0,0.0,,,,,,0.0
2026-09-28T23:49:22Z,307.0,55241.4,197.2,,,0.0,0.0,,,,,,0.4
2026-09-28T23:49:27Z,312.0,55241.4,121.6,,,0.0,0.0,,,,,,0.1
2026-09-28T23:49:32Z,317.1,55241.4,89.7,,,0.0,0.0,,,,,,0.1
2026-09-28T23:49:37Z,322.1,55241.4,13.5,,,0.0,0.0,,,,,,0.1
2026-09-28T23:49:43Z,327.2,55241.4,491.2,,,0.0,0.0,,,,,,0.5
2026-09-28T23:49:47Z,332.3,55241.4,342.1,,,0.0,0.0,,,,,,0.0
2026-09-28T23:49:53Z,337.5,55241.4,426.6,,,0.0,0.0,,,,,,0.5
2026-09-28T23:49:58Z,342.6,55241.4,109.2,,,0.0,0.0,,,,,,0.0
2026-09-28T23:50:03Z,347.7,55241.4,187.1,,,0.0,0.0,,,,,,0.1
2026-09-28T23:50:08Z,352.7,55241.4,124.5,,,0.0,0.0,,,,,,0.0
2026-09-28T23:50:13Z,357.7,55241.4,116.9,,,0.0,0.0,,,,,,0.1
2026-09-28T23:50:18Z,362.8,55241.4,282.3,,,0.0,0.0,,,,,,0.1
2026-09-28T23:50:23Z,367.9,55241.4,160.7,,,0.0,0.0,,,,,,0.1
2026-09-28T23:50:28Z,372.9,55241.4,202.8,,,0.0,0.0,,,,,,0.1
2026-09-28T23:50:33Z,378.0,55241.4,9.8,,,0.0,0.0,,,,,,0.1
2026-09-28T23:50:38Z,383.0,55241.4,8.9,,,0.0,0.0,,,,,,0.1
2026-09-28T23:50:43Z,388.0,55241.4,7.0,,,0.0,0.0,,,,,,0.9
2026-09-28T23:50:50Z,393.2,55241.4,21.4,,,0.0,0.0,,,,,,1.5
2026-09-28T23:50:55Z,398.5,55241.4,4.0,,,0.0,0.0,,,,,,0.9
2026-09-28T23:51:00Z,403.8,55241.4,332.9,,,0.0,0.0,,,,,,0.9
2026-09-28T23:51:04Z,408.8,55241.4,61.1,,,0.0,0.0,,,,,,0.1
2026-09-28T23:51:09Z,413.8,55241.4,381.8,,,0.0,0.0,,,,,,0.1
2026-09-28T23:51:14Z,418.9,55241.4,128.2,,,0.0,0.0,,,,,,0.0
2026-09-28T23:51:19Z,424.0,55241.4,201.4,,,0.0,0.0,,,,,,0.1
2026-09-28T23:51:24Z,429.0,55241.4,87.8,,,0.0,0.0,,,,,,0.0
2026-09-28T23:51:29Z,434.1,55241.4,230.2,,,0.0,0.0,,,,,,0.0
2026-09-28T23:51:34Z,439.1,55241.4,71.1,,,0.0,0.0,,,,,,0.1
2026-09-28T23:51:39Z,444.1,55241.4,75.0,,,0.0,0.0,,,,,,0.1
2026-09-28T23:51:44Z,449.1,55241.4,204.5,,,0.0,0.0,,,,,,0.0
2026-09-28T23:51:49Z,454.2,55241.4,7.5,,,0.0,0.0,,,,,,0.2
2026-09-28T23:51:55Z,459.3,55241.4,50.3,,,0.0,0.0,,,,,,0.6
2026-09-28T23:52:00Z,464.4,55241.4,8.0,,,0.0,0.0,,,,,,0.4
2026-09-28T23:52:05Z,469.5,55241.4,161.7,,,0.0,0.0,,,,,,0.2
2026-09-28T23:52:10Z,474.6,55241.4,648.4,,,0.0,0.0,,,,,,0.3
2026-09-28T23:52:15Z,480.2,55241.4,325.4,,,0.0,0.0,,,,,,0.0
2026-09-28T23:52:22Z,485.4,55241.4,572.4,,,0.0,0.0,,,,,,1.0
2026-09-28T23:52:25Z,490.5,55241.4,217.1,,,0.0,0.0,,,,,,0.0
2026-09-28T23:52:30Z,495.5,55241.4,122.9,,,0.0,0.0,,,,,,0.0
2026-09-28T23:52:36Z,500.8,55241.4,61.2,,,0.0,0.0,,,,,,0.2
2026-09-28T23:52:41Z,506.1,55241.4,81.5,,,0.0,0.0,,,,,,0.0
2026-09-28T23:52:46Z,511.2,55241.4,138.5,,,0.0,0.0,,,,,,0.2
2026-09-28T23:52:51Z,516.2,55241.4,336.7,,,0.0,0.0,,,,,,0.0
2026-09-28T23:52:56Z,521.3,55241.4,223.9,,,0.0,0.0,,,,,,0.0
2026-09-28T23:53:01Z,526.4,55241.4,236.6,,,0.0,0.0,,,,,,0.0
2026-09-28T23:53:07Z,531.4,55241.4,294.2,,,0.0,0.0,,,,,,0.1
2026-09-28T23:53:12Z,536.5,55241.4,41.1,,,0.0,0.0,,,,,,0.1
2026-09-28T23:53:17Z,541.6,55241.4,380.6,,,0.0,0.0,,,,,,0.0
2026-09-28T23:53:22Z,546.6,55241.4,499.7,,,0.0,0.0,,,,,,0.3
2026-09-28T23:53:27Z,551.6,55241.4,456.0,,,0.0,0.0,,,,,,0.1
2026-09-28T23:53:32Z,556.6,55241.4,452.1,,,0.0,0.0,,,,,,1.5
2026-09-28T23:53:37Z,561.9,55241.4,282.8,,,0.0,0.0,,,,,,0.1
2026-09-28T23:53:42Z,567.0,55241.4,96.3,,,0.0,0.0,,,,,,0.2
2026-09-28T23:53:48Z,572.5,55241.4,256.7,,,0.0,0.0,,,,,,0.0
2026-09-28T23:53:53Z,577.5,55241.4,147.0,,,0.0,0.0,,,,,,0.0
2026-09-28T23:53:58Z,582.5,55241.4,11.4,,,0.0,0.0,,,,,,0.1
2026-09-28T23:54:03Z,587.5,55241.4,2.9,,,0.0,0.0,,,,,,0.1
2026-09-28T23:54:08Z,592.6,55241.4,183.4,,,0.0,0.0,,,,,,0.0
2026-09-28T23:54:13Z,597.6,55241.4,222.8,,,0.0,0.0,,,,,,0.3
2026-09-28T23:54:18Z,602.6,55241.4,10.9,,,0.0,0.0,,,,,,0.1
2026-09-28T23:54:23Z,607.7,55241.4,41.5,,,0.0,0.0,,,,,,0.1
2026-09-28T23:54:29Z,612.8,55241.4,58.2,,,0.0,0.0,,,,,,1.3
2026-09-28T23:54:35Z,618.0,55241.4,1.7,,,0.0,0.0,,,,,,3.9
2026-09-28T23:54:42Z,625.0,55241.4,63.1,,,0.0,0.0,,,,,,1.6
2026-09-28T23:54:47Z,630.2,55241.4,404.2,,,0.0,0.0,,,,,,1.2
2026-09-28T23:54:52Z,635.5,55241.4,171.6,,,0.0,0.0,,,,,,1.0
2026-09-28T23:54:56Z,640.8,55241.4,210.7,,,0.0,0.0,,,,,,0.0
2026-09-28T23:55:01Z,646.0,55241.4,257.8,,,0.0,0.0,,,,,,0.0
2026-09-28T23:55:06Z,651.2,55241.4,132.1,,,0.0,0.0,,,,,,0.2
2026-09-28T23:55:12Z,656.2,55241.4,8.6,,,0.0,0.0,,,,,,0.1
2026-09-28T23:55:16Z,661.3,55241.4,125.1,,,0.0,0.0,,,,,,0.0
2026-09-28T23:55:21Z,666.3,55241.4,99.1,,,0.0,0.0,,,,,,0.1
2026-09-28T23:55:26Z,671.4,55241.4,8.1,,,0.0,0.0,,,,,,0.1
2026-09-28T23:55:31Z,676.4,55241.4,12.5,,,0.0,0.0,,,,,,0.1
2026-09-28T23:55:37Z,681.6,55241.4,141.1,,,0.0,0.0,,,,,,0.8
2026-09-28T23:55:42Z,686.8,55241.4,66.5,,,0.0,0.0,,,,,,0.9
2026-09-28T23:55:47Z,691.8,55241.4,7.5,,,0.0,0.0,,,,,,0.4
2026-09-28T23:55:52Z,696.8,55241.4,241.2,,,0.0,0.0,,,,,,0.0
2026-09-28T23:55:57Z,701.9,55241.4,372.6,,,0.0,0.0,,,,,,0.5
2026-09-28T23:56:02Z,706.9,55241.4,330.7,,,0.0,0.0,,,,,,0.1
2026-09-28T23:56:07Z,712.0,55241.4,260.7,,,0.0,0.0,,,,,,0.2
2026-09-28T23:56:13Z,717.3,55241.4,122.7,,,0.0,0.0,,,,,,0.1
2026-09-28T23:56:18Z,722.3,55241.4,140.9,,,0.0,0.0,,,,,,0.1
2026-09-28T23:56:23Z,727.3,55241.4,218.5,,,0.0,0.0,,,,,,0.2
2026-09-28T23:56:28Z,732.4,55241.4,217.8,,,0.0,0.0,,,,,,0.1
2026-09-28T23:56:32Z,737.4,55241.4,55.5,,,0.0,0.0,,,,,,0.1
2026-09-28T23:56:38Z,742.4,55241.4,87.1,,,0.0,0.0,,,,,,0.2
2026-09-28T23:56:42Z,747.4,55241.4,38.1,,,0.0,0.0,,,,,,0.2
2026-09-28T23:56:48Z,752.4,55241.4,13.6,,,0.0,0.0,,,,,,0.3
2026-09-28T23:56:54Z,757.5,55241.4,511.8,,,0.0,0.0,,,,,,0.4
2026-09-28T23:56:58Z,762.6,55241.4,367.8,,,0.0,0.0,,,,,,0.1
2026-09-28T23:57:04Z,768.1,55241.4,364.1,,,0.0,0.0,,,,,,0.4
2026-09-28T23:57:09Z,773.2,55241.4,64.4,,,0.0,0.0,,,,,,0.3
2026-09-28T23:57:13Z,778.3,55241.4,485.2,,,0.0,0.0,,,,,,0.0
2026-09-28T23:57:18Z,783.3,55241.4,78.7,,,0.0,0.0,,,,,,0.0
2026-09-28T23:57:24Z,788.5,55241.4,13.4,,,0.0,0.0,,,,,,1.5
2026-09-28T23:57:29Z,793.5,55241.4,143.1,,,0.0,0.0,,,,,,0.0
2026-09-28T23:57:34Z,799.0,55241.4,295.1,,,0.0,0.0,,,,,,0.1
2026-09-28T23:57:39Z,804.0,55241.4,241.4,,,0.0,0.0,,,,,,0.0
2026-09-28T23:57:44Z,809.0,55241.4,3.8,,,0.0,0.0,,,,,,0.0
2026-09-28T23:57:49Z,814.1,55241.4,45.5,,,0.0,0.0,,,,,,0.0
2026-09-28T23:57:54Z,819.1,55241.4,8.9,,,0.0,0.0,,,,,,0.1
2026-09-28T23:57:59Z,824.1,55241.4,75.3,,,0.0,0.0,,,,,,0.1
2026-09-28T23:58:04Z,829.1,55241.4,9.5,,,0.0,0.0,,,,,,0.1
2026-09-28T23:58:09Z,834.1,55241.4,73.6,,,0.0,0.0,,,,,,0.2
2026-09-28T23:58:15Z,839.2,55241.4,53.9,,,0.0,0.0,,,,,,0.2
2026-09-28T23:58:21Z,844.3,55241.4,90.8,,,0.0,0.0,,,,,,0.1
2026-09-28T23:58:25Z,849.8,55241.4,340.5,,,0.0,0.0,,,,,,0.0
2026-09-28T23:58:30Z,855.2,55241.4,77.4,,,0.0,0.0,,,,,,0.0
2026-09-28T23:58:36Z,860.5,55241.4,446.2,,,0.0,0.0,,,,,,0.1
2026-09-28T23:58:41Z,865.5,55241.4,413.5,,,0.0,0.0,,,,,,0.1
2026-09-28T23:58:46Z,870.5,55241.4,395.8,,,0.0,0.0,,,,,,0.1
2026-09-28T23:58:51Z,875.6,55241.4,286.2,,,0.0,0.0,,,,,,0.0
2026-09-28T23:58:56Z,880.6,55241.4,289.0,,,0.0,0.0,,,,,,0.0
2026-09-28T23:59:01Z,885.7,55241.4,229.8,,,0.0,0.0,,,,,,0.0
2026-09-28T23:59:06Z,890.7,55241.4,194.9,,,0.0,0.0,,,,,,0.0
2026-09-28T23:59:11Z,895.8,55241.4,39.8,,,0.0,0.0,,,,,,0.1
2026-09-28T23:59:17Z,901.2,55241.4,5.4,,,0.0,0.0,,,,,,0.3
2026-09-28T23:59:21Z,906.2,55241.4,248.4,,,0.0,0.0,,,,,,0.1
2026-09-28T23:59:26Z,911.2,55241.4,208.5,,,0.0,0.0,,,,,,0.1
2026-09-28T23:59:31Z,916.3,55241.4,45.7,,,0.0,0.0,,,,,,0.1
2026-09-28T23:59:36Z,921.3,55241.4,159.0,,,0.0,0.0,,,,,,0.0
2026-09-28T23:59:41Z,926.3,55241.4,43.8,,,0.0,0.0,,,,,,0.1
2026-09-28T23:59:46Z,931.4,55241.4,180.4,,,0.0,0.0,,,,,,0.0
2026-09-28T23:59:51Z,936.4,55241.4,4.9,,,0.0,0.0,,,,,,0.1
2026-09-28T23:59:58Z,941.6,55241.4,37.4,,,0.0,0.0,,,,,,1.8
2026-09-29T00:00:03Z,946.8,55241.4,336.2,,,0.0,0.0,,,,,,1.7
2026-09-29T00:00:07Z,951.8,55241.4,395.0,,,0.0,0.0,,,,,,1.5
2026-09-29T00:00:12Z,957.0,55241.4,270.3,,,0.0,0.0,,,,,,0.0
2026-09-29T00:00:17Z,962.0,55241.4,76.6,,,0.0,0.0,,,,,,0.2
2026-09-29T00:00:22Z,967.0,55241.4,4.9,,,0.0,0.0,,,,,,0.2
2026-09-29T00:00:27Z,972.1,55241.4,112.1,,,0.0,0.0,,,,,,1.0
2026-09-29T00:00:33Z,977.1,55241.4,70.3,,,0.0,0.0,,,,,,0.5
2026-09-29T00:00:37Z,982.2,55241.4,461.5,,,0.0,0.0,,,,,,0.0
2026-09-29T00:00:42Z,987.2,55241.4,355.1,,,0.0,0.0,,,,,,0.1
2026-09-29T00:00:47Z,992.3,55241.4,264.1,,,0.0,0.0,,,,,,0.1
2026-09-29T00:00:53Z,997.3,55241.4,23.0,,,0.0,0.0,,,,,,0.1
2026-09-29T00:00:57Z,1002.4,55241.4,66.4,,,0.0,0.0,,,,,,0.1
2026-09-29T00:01:03Z,1007.5,55241.4,601.4,,,0.0,0.0,,,,,,0.2
2026-09-29T00:01:08Z,1012.7,55241.4,606.5,,,0.0,0.0,,,,,,0.1
2026-09-29T00:01:13Z,1017.7,55241.4,254.1,,,0.0,0.0,,,,,,0.0
2026-09-29T00:01:18Z,1023.4,55241.4,21.1,,,0.0,0.0,,,,,,0.0
2026-09-29T00:01:24Z,1028.8,55241.4,174.7,,,0.0,0.0,,,,,,0.2
2026-09-29T00:01:29Z,1033.8,55241.4,25.7,,,0.0,0.0,,,,,,0.1
2026-09-29T00:01:34Z,1038.8,55241.4,6.9,,,0.0,0.0,,,,,,0.1
2026-09-29T00:01:39Z,1043.9,55241.4,169.4,,,0.0,0.0,,,,,,0.0
2026-09-29T00:01:44Z,1048.9,55241.4,221.8,,,0.0,0.0,,,,,,0.0
2026-09-29T00:01:49Z,1054.0,55241.4,155.1,,,0.0,0.0,,,,,,0.0
2026-09-29T00:01:54Z,1059.0,55241.4,148.6,,,0.0,0.0,,,,,,0.1
2026-09-29T00:01:59Z,1064.0,55241.4,69.7,,,0.0,0.0,,,,,,0.1
2026-09-29T00:02:05Z,1069.0,55241.4,44.5,,,0.0,0.0,,,,,,0.8
2026-09-29T00:02:10Z,1074.2,55241.4,43.2,,,0.0,0.0,,,,,,1.9
2026-09-29T00:02:14Z,1079.2,55241.4,30.5,,,0.0,0.0,,,,,,0.0
2026-09-29T00:02:20Z,1084.3,55241.4,546.7,,,0.0,0.0,,,,,,0.0
2026-09-29T00:02:24Z,1089.4,55241.4,6270.3,,,0.0,0.0,,,,,,0.0
