SeLockMemoryPrivilege: ENABLED -- SeLockMemoryPrivilege enabled on this process's token
AWE chunk: requested 524288 pages, got 524288. held_mb=2048.0 avail_mb=61107.9
AWE chunk: requested 524288 pages, got 524288. held_mb=4096.0 avail_mb=59060.3
AWE chunk: requested 524288 pages, got 524288. held_mb=6144.0 avail_mb=57010.8
AWE chunk: requested 524288 pages, got 524288. held_mb=8192.0 avail_mb=54960.6
AWE chunk: requested 524288 pages, got 524288. held_mb=10240.0 avail_mb=52907.6
AWE chunk: requested 524288 pages, got 524288. held_mb=12288.0 avail_mb=50855.5
AWE chunk: requested 524288 pages, got 524288. held_mb=14336.0 avail_mb=48803.0
AWE chunk: requested 524288 pages, got 524288. held_mb=16384.0 avail_mb=46751.7
AWE chunk: requested 524288 pages, got 524288. held_mb=18432.0 avail_mb=44699.3
AWE chunk: requested 524288 pages, got 524288. held_mb=20480.0 avail_mb=42647.1
AWE chunk: requested 524288 pages, got 524288. held_mb=22528.0 avail_mb=40593.3
AWE chunk: requested 524288 pages, got 524288. held_mb=24576.0 avail_mb=38541.0
AWE chunk: requested 524288 pages, got 524288. held_mb=26624.0 avail_mb=36489.2
AWE chunk: requested 524288 pages, got 524288. held_mb=28672.0 avail_mb=34429.6
AWE chunk: requested 524288 pages, got 524288. held_mb=30720.0 avail_mb=32377.9
AWE chunk: requested 524288 pages, got 524288. held_mb=32768.0 avail_mb=30326.0
AWE chunk: requested 524288 pages, got 524288. held_mb=34816.0 avail_mb=28268.5
AWE chunk: requested 524288 pages, got 524288. held_mb=36864.0 avail_mb=26219.1
AWE chunk: requested 520540 pages, got 520540. held_mb=38897.4 avail_mb=24168.3
TARGET REACHED (or best effort). mechanism=AWE held_mb=38897.4 available_mb=22129.7 target_available_mb=22134.97
2026-10-01T00:24:14Z,0.0,38897.4,22129.7,,,0.0,0.0,,,,,,0.0
2026-10-01T00:24:19Z,5.0,38897.4,2745.6,,,0.0,0.0,,,,,,0.0
2026-10-01T00:24:24Z,10.0,38897.4,2550.6,,,0.0,0.0,,,,,,0.0
2026-10-01T00:24:29Z,15.0,38897.4,21.1,,,0.0,0.0,,,,,,0.0
2026-10-01T00:24:35Z,20.1,38897.4,532.1,,,0.0,0.0,,,,,,0.0
2026-10-01T00:24:40Z,25.2,38897.4,423.4,,,0.0,0.0,,,,,,0.3
2026-10-01T00:24:45Z,30.3,38897.4,186.1,,,0.0,0.0,,,,,,0.1
2026-10-01T00:24:50Z,35.3,38897.4,251.4,,,0.0,0.0,,,,,,0.1
2026-10-01T00:24:55Z,40.3,38897.4,114.0,,,0.0,0.0,,,,,,0.0
2026-10-01T00:25:00Z,45.3,38897.4,308.0,,,0.0,0.0,,,,,,0.0
2026-10-01T00:25:05Z,50.4,38897.4,65.2,,,0.0,0.0,,,,,,0.0
2026-10-01T00:25:10Z,55.4,38897.4,215.8,,,0.0,0.0,,,,,,0.0
2026-10-01T00:25:15Z,60.4,38897.4,30.2,,,0.0,0.0,,,,,,0.0
2026-10-01T00:25:20Z,65.4,38897.4,62.0,,,0.0,0.0,,,,,,0.0
2026-10-01T00:25:25Z,70.5,38897.4,83.2,,,0.0,0.0,,,,,,0.1
2026-10-01T00:25:30Z,75.5,38897.4,7.7,,,0.0,0.0,,,,,,0.1
2026-10-01T00:25:35Z,80.6,38897.4,51.6,,,0.0,0.0,,,,,,0.4
2026-10-01T00:25:42Z,85.9,38897.4,128.0,,,0.0,0.0,,,,,,1.0
2026-10-01T00:25:47Z,91.1,38897.4,339.5,,,0.0,0.0,,,,,,1.6
2026-10-01T00:25:52Z,96.3,38897.4,54.5,,,0.0,0.0,,,,,,0.6
2026-10-01T00:25:56Z,101.4,38897.4,317.8,,,0.0,0.0,,,,,,0.0
2026-10-01T00:26:01Z,106.5,38897.4,376.9,,,0.0,0.0,,,,,,0.1
2026-10-01T00:26:06Z,111.5,38897.4,139.6,,,0.0,0.0,,,,,,0.0
2026-10-01T00:26:11Z,116.5,38897.4,13.2,,,0.0,0.0,,,,,,0.0
2026-10-01T00:26:16Z,121.5,38897.4,309.5,,,0.0,0.0,,,,,,0.1
2026-10-01T00:26:21Z,126.5,38897.4,4.9,,,0.0,0.0,,,,,,0.0
2026-10-01T00:26:26Z,131.6,38897.4,37.5,,,0.0,0.0,,,,,,0.0
2026-10-01T00:26:31Z,136.7,38897.4,249.3,,,0.0,0.0,,,,,,0.0
2026-10-01T00:26:36Z,141.7,38897.4,37.2,,,0.0,0.0,,,,,,0.1
2026-10-01T00:26:41Z,146.7,38897.4,196.0,,,0.0,0.0,,,,,,0.0
2026-10-01T00:26:46Z,151.8,38897.4,243.3,,,0.0,0.0,,,,,,0.0
2026-10-01T00:26:51Z,156.8,38897.4,60.3,,,0.0,0.0,,,,,,0.1
2026-10-01T00:26:57Z,162.0,38897.4,137.3,,,0.0,0.0,,,,,,0.4
2026-10-01T00:27:04Z,167.1,38897.4,29.5,,,0.0,0.0,,,,,,0.8
2026-10-01T00:27:07Z,172.3,38897.4,105.4,,,0.0,0.0,,,,,,0.0
2026-10-01T00:27:12Z,177.4,38897.4,577.2,,,0.0,0.0,,,,,,0.0
2026-10-01T00:27:17Z,182.5,38897.4,540.2,,,0.0,0.0,,,,,,0.0
2026-10-01T00:27:22Z,187.5,38897.4,263.2,,,0.0,0.0,,,,,,0.0
2026-10-01T00:27:28Z,192.5,38897.4,264.2,,,0.0,0.0,,,,,,0.0
2026-10-01T00:27:33Z,197.8,38897.4,433.2,,,0.0,0.0,,,,,,0.4
2026-10-01T00:27:37Z,202.8,38897.4,279.9,,,0.0,0.0,,,,,,0.0
2026-10-01T00:27:42Z,207.9,38897.4,216.7,,,0.0,0.0,,,,,,0.1
2026-10-01T00:27:47Z,212.9,38897.4,118.5,,,0.0,0.0,,,,,,0.0
2026-10-01T00:27:52Z,218.0,38897.4,253.9,,,0.0,0.0,,,,,,0.0
2026-10-01T00:27:58Z,223.1,38897.4,277.3,,,0.0,0.0,,,,,,0.0
2026-10-01T00:28:03Z,228.1,38897.4,32.7,,,0.0,0.0,,,,,,0.1
2026-10-01T00:28:08Z,233.1,38897.4,253.3,,,0.0,0.0,,,,,,0.0
2026-10-01T00:28:13Z,238.1,38897.4,30.9,,,0.0,0.0,,,,,,0.1
2026-10-01T00:28:18Z,243.5,38897.4,130.4,,,0.0,0.0,,,,,,0.7
2026-10-01T00:28:26Z,249.9,38897.4,146.6,,,0.0,0.0,,,,,,0.5
2026-10-01T00:28:30Z,255.0,38897.4,191.0,,,0.0,0.0,,,,,,0.1
2026-10-01T00:28:34Z,260.0,38897.4,430.3,,,0.0,0.0,,,,,,0.1
2026-10-01T00:28:39Z,265.0,38897.4,330.9,,,0.0,0.0,,,,,,0.0
2026-10-01T00:28:44Z,270.0,38897.4,383.5,,,0.0,0.0,,,,,,0.0
2026-10-01T00:28:50Z,275.1,38897.4,382.7,,,0.0,0.0,,,,,,0.0
2026-10-01T00:28:55Z,280.2,38897.4,479.3,,,0.0,0.0,,,,,,0.2
2026-10-01T00:29:00Z,285.2,38897.4,104.1,,,0.0,0.0,,,,,,0.0
2026-10-01T00:29:05Z,290.2,38897.4,411.6,,,0.0,0.0,,,,,,0.0
2026-10-01T00:29:10Z,295.2,38897.4,298.9,,,0.0,0.0,,,,,,0.0
2026-10-01T00:29:15Z,300.2,38897.4,182.0,,,0.0,0.0,,,,,,0.1
2026-10-01T00:29:20Z,305.2,38897.4,309.6,,,0.0,0.0,,,,,,0.0
2026-10-01T00:29:25Z,310.3,38897.4,120.7,,,0.0,0.0,,,,,,0.2
2026-10-01T00:29:30Z,315.3,38897.4,11.8,,,0.0,0.0,,,,,,0.1
2026-10-01T00:29:35Z,320.3,38897.4,342.1,,,0.0,0.0,,,,,,0.0
2026-10-01T00:29:40Z,325.4,38897.4,279.1,,,0.0,0.0,,,,,,0.0
2026-10-01T00:29:45Z,330.4,38897.4,201.4,,,0.0,0.0,,,,,,0.1
2026-10-01T00:29:50Z,335.4,38897.4,136.1,,,0.0,0.0,,,,,,0.2
2026-10-01T00:29:55Z,340.5,38897.4,74.8,,,0.0,0.0,,,,,,0.0
2026-10-01T00:30:00Z,345.5,38897.4,9.6,,,0.0,0.0,,,,,,0.1
2026-10-01T00:30:05Z,350.7,38897.4,55.0,,,0.0,0.0,,,,,,0.9
2026-10-01T00:30:11Z,355.8,38897.4,10.8,,,0.0,0.0,,,,,,0.4
2026-10-01T00:30:15Z,360.9,38897.4,40.9,,,0.0,0.0,,,,,,0.1
2026-10-01T00:30:20Z,365.9,38897.4,58.8,,,0.0,0.0,,,,,,0.1
2026-10-01T00:30:25Z,370.9,38897.4,18.2,,,0.0,0.0,,,,,,0.1
2026-10-01T00:30:31Z,375.9,38897.4,34.3,,,0.0,0.0,,,,,,0.2
2026-10-01T00:30:38Z,381.0,38897.4,1.6,,,0.0,0.0,,,,,,6.2
2026-10-01T00:30:45Z,390.4,38897.4,212.9,,,0.0,0.0,,,,,,0.1
2026-10-01T00:30:50Z,395.5,38897.4,519.9,,,0.0,0.0,,,,,,0.2
2026-10-01T00:30:55Z,400.5,38897.4,35.7,,,0.0,0.0,,,,,,0.0
2026-10-01T00:31:00Z,405.5,38897.4,398.6,,,0.0,0.0,,,,,,0.2
2026-10-01T00:31:05Z,410.5,38897.4,474.8,,,0.0,0.0,,,,,,0.0
2026-10-01T00:31:10Z,415.6,38897.4,381.0,,,0.0,0.0,,,,,,0.1
2026-10-01T00:31:15Z,420.7,38897.4,393.4,,,0.0,0.0,,,,,,0.0
2026-10-01T00:31:20Z,425.8,38897.4,136.5,,,0.0,0.0,,,,,,0.1
2026-10-01T00:31:25Z,430.8,38897.4,339.8,,,0.0,0.0,,,,,,0.2
2026-10-01T00:31:30Z,435.9,38897.4,46.7,,,0.0,0.0,,,,,,0.1
2026-10-01T00:31:35Z,440.9,38897.4,153.3,,,0.0,0.0,,,,,,0.0
2026-10-01T00:31:40Z,445.9,38897.4,71.6,,,0.0,0.0,,,,,,0.0
2026-10-01T00:31:45Z,451.0,38897.4,107.1,,,0.0,0.0,,,,,,0.0
2026-10-01T00:31:50Z,456.0,38897.4,218.8,,,0.0,0.0,,,,,,0.0
2026-10-01T00:31:56Z,461.0,38897.4,10.1,,,0.0,0.0,,,,,,0.3
2026-10-01T00:32:02Z,466.2,38897.4,74.1,,,0.0,0.0,,,,,,1.5
2026-10-01T00:32:07Z,471.6,38897.4,8.1,,,0.0,0.0,,,,,,1.5
2026-10-01T00:32:11Z,476.6,38897.4,85.2,,,0.0,0.0,,,,,,0.3
2026-10-01T00:32:17Z,481.8,38897.4,160.4,,,0.0,0.0,,,,,,0.1
2026-10-01T00:32:21Z,486.8,38897.4,248.4,,,0.0,0.0,,,,,,0.0
2026-10-01T00:32:26Z,491.9,38897.4,372.1,,,0.0,0.0,,,,,,0.0
2026-10-01T00:32:31Z,496.9,38897.4,206.3,,,0.0,0.0,,,,,,0.0
2026-10-01T00:32:36Z,501.9,38897.4,1.9,,,0.0,0.0,,,,,,0.0
2026-10-01T00:32:42Z,507.2,38897.4,191.0,,,0.0,0.0,,,,,,0.0
2026-10-01T00:32:47Z,512.4,38897.4,222.9,,,0.0,0.0,,,,,,0.0
2026-10-01T00:32:52Z,517.4,38897.4,6.3,,,0.0,0.0,,,,,,0.1
2026-10-01T00:32:57Z,522.4,38897.4,76.5,,,0.0,0.0,,,,,,0.6
2026-10-01T00:33:03Z,527.6,38897.4,14.7,,,0.0,0.0,,,,,,1.6
2026-10-01T00:33:08Z,533.1,38897.4,83.7,,,0.0,0.0,,,,,,0.1
2026-10-01T00:33:13Z,538.1,38897.4,26.0,,,0.0,0.0,,,,,,0.1
2026-10-01T00:33:18Z,543.2,38897.4,11.9,,,0.0,0.0,,,,,,0.7
2026-10-01T00:33:23Z,548.2,38897.4,12.7,,,0.0,0.0,,,,,,0.1
2026-10-01T00:33:28Z,553.2,38897.4,185.4,,,0.0,0.0,,,,,,0.0
2026-10-01T00:33:33Z,558.3,38897.4,519.0,,,0.0,0.0,,,,,,0.1
2026-10-01T00:33:38Z,563.3,38897.4,431.6,,,0.0,0.0,,,,,,0.0
2026-10-01T00:33:43Z,568.4,38897.4,336.9,,,0.0,0.0,,,,,,0.0
2026-10-01T00:33:48Z,573.5,38897.4,3.8,,,0.0,0.0,,,,,,0.1
2026-10-01T00:33:53Z,578.8,38897.4,242.1,,,0.0,0.0,,,,,,0.0
2026-10-01T00:33:58Z,583.9,38897.4,221.6,,,0.0,0.0,,,,,,0.0
2026-10-01T00:34:03Z,589.0,38897.4,289.7,,,0.0,0.0,,,,,,0.0
2026-10-01T00:34:08Z,594.0,38897.4,205.4,,,0.0,0.0,,,,,,0.0
2026-10-01T00:34:13Z,599.1,38897.4,90.7,,,0.0,0.0,,,,,,0.1
2026-10-01T00:34:19Z,604.1,38897.4,113.2,,,0.0,0.0,,,,,,0.2
2026-10-01T00:34:24Z,609.1,38897.4,3.6,,,0.0,0.0,,,,,,0.9
2026-10-01T00:34:31Z,614.6,38897.4,100.6,,,0.0,0.0,,,,,,2.1
2026-10-01T00:34:36Z,620.4,38897.4,2.5,,,0.0,0.0,,,,,,1.3
2026-10-01T00:34:41Z,625.7,38897.4,64.9,,,0.0,0.0,,,,,,1.3
2026-10-01T00:34:45Z,630.8,38897.4,366.2,,,0.0,0.0,,,,,,0.1
2026-10-01T00:34:51Z,636.0,38897.4,195.3,,,0.0,0.0,,,,,,0.1
2026-10-01T00:34:56Z,641.5,38897.4,8.0,,,0.0,0.0,,,,,,0.4
2026-10-01T00:35:01Z,646.5,38897.4,33.3,,,0.0,0.0,,,,,,0.2
2026-10-01T00:35:06Z,651.6,38897.4,70.2,,,0.0,0.0,,,,,,0.0
2026-10-01T00:35:11Z,656.6,38897.4,42.5,,,0.0,0.0,,,,,,0.1
2026-10-01T00:35:16Z,661.6,38897.4,251.4,,,0.0,0.0,,,,,,0.1
2026-10-01T00:35:28Z,667.6,38897.4,4.1,,,0.0,0.0,,,,,,0.8
2026-10-01T00:35:29Z,674.3,38897.4,48.9,,,0.0,0.0,,,,,,0.1
2026-10-01T00:35:34Z,679.4,38897.4,470.4,,,0.0,0.0,,,,,,0.2
2026-10-01T00:35:39Z,684.5,38897.4,248.0,,,0.0,0.0,,,,,,0.0
2026-10-01T00:35:44Z,689.5,38897.4,178.2,,,0.0,0.0,,,,,,0.1
2026-10-01T00:35:49Z,694.5,38897.4,5.2,,,0.0,0.0,,,,,,0.1
2026-10-01T00:35:54Z,699.6,38897.4,216.3,,,0.0,0.0,,,,,,0.1
2026-10-01T00:36:00Z,704.7,38897.4,227.1,,,0.0,0.0,,,,,,0.4
2026-10-01T00:36:05Z,709.9,38897.4,42.6,,,0.0,0.0,,,,,,0.9
2026-10-01T00:36:09Z,715.0,38897.4,120.5,,,0.0,0.0,,,,,,0.3
2026-10-01T00:36:14Z,720.0,38897.4,4.2,,,0.0,0.0,,,,,,0.2
2026-10-01T00:36:19Z,725.0,38897.4,27.5,,,0.0,0.0,,,,,,0.0
2026-10-01T00:36:25Z,730.2,38897.4,313.1,,,0.0,0.0,,,,,,0.2
2026-10-01T00:36:30Z,735.2,38897.4,207.1,,,0.0,0.0,,,,,,0.0
2026-10-01T00:36:35Z,740.3,38897.4,28.0,,,0.0,0.0,,,,,,0.0
2026-10-01T00:36:41Z,745.4,38897.4,63.6,,,0.0,0.0,,,,,,1.2
2026-10-01T00:36:45Z,750.5,38897.4,29.6,,,0.0,0.0,,,,,,0.1
2026-10-01T00:36:50Z,755.5,38897.4,190.6,,,0.0,0.0,,,,,,0.9
2026-10-01T00:36:55Z,760.6,38897.4,106.3,,,0.0,0.0,,,,,,0.6
2026-10-01T00:37:00Z,766.0,38897.4,170.5,,,0.0,0.0,,,,,,0.0
2026-10-01T00:37:06Z,771.2,38897.4,107.1,,,0.0,0.0,,,,,,0.7
2026-10-01T00:37:11Z,776.3,38897.4,75.9,,,0.0,0.0,,,,,,0.8
2026-10-01T00:37:16Z,781.3,38897.4,214.2,,,0.0,0.0,,,,,,0.1
2026-10-01T00:37:21Z,786.6,38897.4,227.5,,,0.0,0.0,,,,,,0.0
2026-10-01T00:37:27Z,791.8,38897.4,7.1,,,0.0,0.0,,,,,,0.2
2026-10-01T00:37:31Z,796.8,38897.4,1.8,,,0.0,0.0,,,,,,0.0
2026-10-01T00:37:37Z,801.9,38897.4,9.8,,,0.0,0.0,,,,,,0.6
2026-10-01T00:37:41Z,807.0,38897.4,66.9,,,0.0,0.0,,,,,,0.0
2026-10-01T00:37:47Z,812.1,38897.4,487.3,,,0.0,0.0,,,,,,0.0
2026-10-01T00:37:52Z,817.2,38897.4,70.5,,,0.0,0.0,,,,,,0.0
2026-10-01T00:37:57Z,822.3,38897.4,6.1,,,0.0,0.0,,,,,,0.0
2026-10-01T00:38:02Z,827.4,38897.4,142.1,,,0.0,0.0,,,,,,0.0
2026-10-01T00:38:08Z,832.6,38897.4,137.6,,,0.0,0.0,,,,,,0.0
2026-10-01T00:38:12Z,837.9,38897.4,149.7,,,0.0,0.0,,,,,,0.0
2026-10-01T00:38:18Z,843.5,38897.4,256.8,,,0.0,0.0,,,,,,0.0
2026-10-01T00:38:23Z,848.5,38897.4,333.8,,,0.0,0.0,,,,,,0.0
2026-10-01T00:38:28Z,853.5,38897.4,116.8,,,0.0,0.0,,,,,,0.1
2026-10-01T00:38:33Z,858.7,38897.4,156.6,,,0.0,0.0,,,,,,0.2
2026-10-01T00:38:38Z,863.7,38897.4,118.5,,,0.0,0.0,,,,,,0.1
2026-10-01T00:38:43Z,868.7,38897.4,111.8,,,0.0,0.0,,,,,,0.0
2026-10-01T00:38:48Z,873.7,38897.4,53.4,,,0.0,0.0,,,,,,0.1
2026-10-01T00:38:53Z,878.8,38897.4,5.9,,,0.0,0.0,,,,,,0.3
2026-10-01T00:39:00Z,884.1,38897.4,31.4,,,0.0,0.0,,,,,,2.2
2026-10-01T00:39:04Z,889.2,38897.4,238.1,,,0.0,0.0,,,,,,0.3
2026-10-01T00:39:09Z,894.2,38897.4,162.7,,,0.0,0.0,,,,,,0.0
2026-10-01T00:39:14Z,899.6,38897.4,58.9,,,0.0,0.0,,,,,,0.7
2026-10-01T00:39:19Z,904.7,38897.4,72.0,,,0.0,0.0,,,,,,0.6
2026-10-01T00:39:24Z,909.8,38897.4,236.2,,,0.0,0.0,,,,,,0.1
2026-10-01T00:39:29Z,914.8,38897.4,82.2,,,0.0,0.0,,,,,,0.1
2026-10-01T00:39:34Z,919.9,38897.4,27.3,,,0.0,0.0,,,,,,1.1
2026-10-01T00:39:41Z,925.1,38897.4,91.5,,,0.0,0.0,,,,,,1.2
2026-10-01T00:39:45Z,930.1,38897.4,20.5,,,0.0,0.0,,,,,,0.1
2026-10-01T00:39:50Z,935.1,38897.4,52.7,,,0.0,0.0,,,,,,0.6
2026-10-01T00:39:55Z,940.2,38897.4,65.6,,,0.0,0.0,,,,,,0.1
2026-10-01T00:40:00Z,945.4,38897.4,364.0,,,0.0,0.0,,,,,,0.0
2026-10-01T00:40:05Z,950.5,38897.4,568.9,,,0.0,0.0,,,,,,0.4
2026-10-01T00:40:10Z,955.6,38897.4,433.6,,,0.0,0.0,,,,,,0.0
2026-10-01T00:40:15Z,961.0,38897.4,169.6,,,0.0,0.0,,,,,,0.0
2026-10-01T00:40:21Z,966.3,38897.4,148.7,,,0.0,0.0,,,,,,0.2
2026-10-01T00:40:26Z,971.3,38897.4,290.5,,,0.0,0.0,,,,,,0.1
2026-10-01T00:40:31Z,976.3,38897.4,261.8,,,0.0,0.0,,,,,,0.1
2026-10-01T00:40:36Z,981.4,38897.4,247.5,,,0.0,0.0,,,,,,0.0
2026-10-01T00:40:41Z,986.4,38897.4,66.1,,,0.0,0.0,,,,,,0.1
2026-10-01T00:40:46Z,991.5,38897.4,74.9,,,0.0,0.0,,,,,,0.1
2026-10-01T00:40:51Z,996.5,38897.4,10.6,,,0.0,0.0,,,,,,0.5
2026-10-01T00:40:58Z,1001.7,38897.4,21.6,,,0.0,0.0,,,,,,1.5
2026-10-01T00:41:02Z,1006.9,38897.4,255.1,,,0.0,0.0,,,,,,1.0
2026-10-01T00:41:08Z,1012.0,38897.4,272.7,,,0.0,0.0,,,,,,1.2
2026-10-01T00:41:13Z,1017.2,38897.4,278.8,,,0.0,0.0,,,,,,0.1
2026-10-01T00:41:17Z,1022.2,38897.4,136.0,,,0.0,0.0,,,,,,0.5
2026-10-01T00:41:23Z,1028.0,38897.4,152.3,,,0.0,0.0,,,,,,0.1
2026-10-01T00:41:28Z,1033.4,38897.4,297.5,,,0.0,0.0,,,,,,0.7
2026-10-01T00:41:34Z,1039.0,38897.4,330.3,,,0.0,0.0,,,,,,0.1
2026-10-01T00:41:39Z,1044.2,38897.4,371.4,,,0.0,0.0,,,,,,0.4
2026-10-01T00:41:44Z,1049.2,38897.4,382.7,,,0.0,0.0,,,,,,0.1
2026-10-01T00:41:49Z,1054.2,38897.4,368.2,,,0.0,0.0,,,,,,0.0
2026-10-01T00:41:54Z,1059.3,38897.4,365.1,,,0.0,0.0,,,,,,0.0
2026-10-01T00:41:59Z,1064.4,38897.4,225.4,,,0.0,0.0,,,,,,0.0
2026-10-01T00:42:04Z,1069.4,38897.4,203.1,,,0.0,0.0,,,,,,0.0
2026-10-01T00:42:09Z,1074.4,38897.4,132.6,,,0.0,0.0,,,,,,0.0
2026-10-01T00:42:14Z,1079.5,38897.4,323.1,,,0.0,0.0,,,,,,0.1
2026-10-01T00:42:19Z,1084.5,38897.4,4.2,,,0.0,0.0,,,,,,0.3
2026-10-01T00:42:25Z,1089.8,38897.4,9.2,,,0.0,0.0,,,,,,0.4
2026-10-01T00:42:30Z,1094.8,38897.4,308.4,,,0.0,0.0,,,,,,0.1
2026-10-01T00:42:34Z,1099.8,38897.4,240.2,,,0.0,0.0,,,,,,0.1
2026-10-01T00:42:39Z,1104.8,38897.4,28.4,,,0.0,0.0,,,,,,0.0
2026-10-01T00:42:45Z,1110.0,38897.4,148.8,,,0.0,0.0,,,,,,0.0
2026-10-01T00:42:50Z,1115.3,38897.4,76.6,,,0.0,0.0,,,,,,0.5
2026-10-01T00:42:55Z,1120.3,38897.4,98.4,,,0.0,0.0,,,,,,0.0
2026-10-01T00:43:00Z,1125.3,38897.4,201.6,,,0.0,0.0,,,,,,0.1
2026-10-01T00:43:05Z,1130.4,38897.4,216.3,,,0.0,0.0,,,,,,0.3
2026-10-01T00:43:10Z,1135.4,38897.4,120.6,,,0.0,0.0,,,,,,0.1
2026-10-01T00:43:15Z,1140.4,38897.4,61.8,,,0.0,0.0,,,,,,0.1
2026-10-01T00:43:21Z,1145.6,38897.4,15.7,,,0.0,0.0,,,,,,1.0
2026-10-01T00:43:32Z,1150.8,38897.4,29.8,,,0.0,0.0,,,,,,8.0
2026-10-01T00:43:40Z,1165.2,38897.4,70.4,,,0.0,0.0,,,,,,0.2
2026-10-01T00:43:45Z,1170.2,38897.4,451.0,,,0.0,0.0,,,,,,0.4
2026-10-01T00:43:50Z,1175.2,38897.4,141.4,,,0.0,0.0,,,,,,0.0
2026-10-01T00:43:55Z,1180.3,38897.4,169.7,,,0.0,0.0,,,,,,0.0
2026-10-01T00:44:00Z,1185.4,38897.4,158.9,,,0.0,0.0,,,,,,0.0
2026-10-01T00:44:05Z,1190.5,38897.4,64.2,,,0.0,0.0,,,,,,0.1
2026-10-01T00:44:10Z,1195.5,38897.4,240.8,,,0.0,0.0,,,,,,0.2
2026-10-01T00:44:16Z,1200.7,38897.4,183.1,,,0.0,0.0,,,,,,0.1
2026-10-01T00:44:20Z,1205.8,38897.4,89.1,,,0.0,0.0,,,,,,0.1
2026-10-01T00:44:25Z,1210.8,38897.4,119.7,,,0.0,0.0,,,,,,0.2
2026-10-01T00:44:30Z,1215.9,38897.4,103.6,,,0.0,0.0,,,,,,0.0
2026-10-01T00:44:36Z,1221.0,38897.4,57.1,,,0.0,0.0,,,,,,0.0
2026-10-01T00:44:41Z,1226.0,38897.4,2.7,,,0.0,0.0,,,,,,0.3
2026-10-01T00:44:46Z,1231.1,38897.4,92.9,,,0.0,0.0,,,,,,0.6
2026-10-01T00:44:51Z,1236.2,38897.4,32.8,,,0.0,0.0,,,,,,0.1
2026-10-01T00:44:56Z,1241.2,38897.4,77.2,,,0.0,0.0,,,,,,0.1
2026-10-01T00:45:01Z,1246.2,38897.4,10.5,,,0.0,0.0,,,,,,0.2
2026-10-01T00:45:06Z,1251.3,38897.4,37.2,,,0.0,0.0,,,,,,0.3
2026-10-01T00:45:11Z,1256.4,38897.4,560.3,,,0.0,0.0,,,,,,0.3
2026-10-01T00:45:16Z,1261.4,38897.4,267.5,,,0.0,0.0,,,,,,0.1
2026-10-01T00:45:21Z,1266.5,38897.4,214.6,,,0.0,0.0,,,,,,0.0
2026-10-01T00:45:26Z,1271.6,38897.4,309.2,,,0.0,0.0,,,,,,0.0
2026-10-01T00:45:31Z,1276.6,38897.4,260.4,,,0.0,0.0,,,,,,0.0
2026-10-01T00:45:36Z,1281.6,38897.4,98.0,,,0.0,0.0,,,,,,0.0
2026-10-01T00:45:41Z,1286.8,38897.4,245.4,,,0.0,0.0,,,,,,0.0
2026-10-01T00:45:47Z,1291.8,38897.4,208.2,,,0.0,0.0,,,,,,0.1
2026-10-01T00:45:51Z,1296.9,38897.4,174.7,,,0.0,0.0,,,,,,0.0
2026-10-01T00:45:56Z,1301.9,38897.4,270.9,,,0.0,0.0,,,,,,0.0
2026-10-01T00:46:01Z,1306.9,38897.4,298.4,,,0.0,0.0,,,,,,0.0
2026-10-01T00:46:07Z,1312.0,38897.4,15.8,,,0.0,0.0,,,,,,0.2
2026-10-01T00:46:11Z,1317.0,38897.4,183.4,,,0.0,0.0,,,,,,0.0
2026-10-01T00:46:17Z,1322.0,38897.4,272.9,,,0.0,0.0,,,,,,0.1
2026-10-01T00:46:22Z,1327.1,38897.4,246.6,,,0.0,0.0,,,,,,0.1
2026-10-01T00:46:27Z,1332.3,38897.4,58.2,,,0.0,0.0,,,,,,0.5
2026-10-01T00:46:32Z,1337.4,38897.4,88.5,,,0.0,0.0,,,,,,0.3
2026-10-01T00:46:37Z,1342.4,38897.4,2.4,,,0.0,0.0,,,,,,0.3
2026-10-01T00:46:50Z,1348.9,38897.4,42.5,,,0.0,0.0,,,,,,4.4
2026-10-01T00:46:54Z,1359.4,38897.4,220.9,,,0.0,0.0,,,,,,0.6
2026-10-01T00:46:59Z,1364.4,38897.4,266.7,,,0.0,0.0,,,,,,0.0
2026-10-01T00:47:04Z,1369.4,38897.4,468.7,,,0.0,0.0,,,,,,0.1
2026-10-01T00:47:09Z,1374.4,38897.4,169.8,,,0.0,0.0,,,,,,0.1
2026-10-01T00:47:14Z,1379.5,38897.4,414.1,,,0.0,0.0,,,,,,0.0
2026-10-01T00:47:19Z,1384.5,38897.4,211.3,,,0.0,0.0,,,,,,0.2
2026-10-01T00:47:24Z,1389.5,38897.4,371.3,,,0.0,0.0,,,,,,0.2
2026-10-01T00:47:29Z,1394.5,38897.4,110.7,,,0.0,0.0,,,,,,0.0
2026-10-01T00:47:34Z,1399.6,38897.4,125.6,,,0.0,0.0,,,,,,0.3
2026-10-01T00:47:39Z,1404.6,38897.4,77.7,,,0.0,0.0,,,,,,0.3
2026-10-01T00:47:44Z,1409.6,38897.4,27.5,,,0.0,0.0,,,,,,0.1
2026-10-01T00:47:49Z,1414.7,38897.4,65.8,,,0.0,0.0,,,,,,0.2
2026-10-01T00:47:55Z,1420.1,38897.4,211.0,,,0.0,0.0,,,,,,0.1
2026-10-01T00:48:00Z,1425.1,38897.4,175.9,,,0.0,0.0,,,,,,0.0
2026-10-01T00:48:05Z,1430.1,38897.4,97.7,,,0.0,0.0,,,,,,0.5
2026-10-01T00:48:10Z,1435.4,38897.4,66.3,,,0.0,0.0,,,,,,0.4
2026-10-01T00:48:15Z,1440.4,38897.4,14.5,,,0.0,0.0,,,,,,0.1
2026-10-01T00:48:20Z,1445.5,38897.4,131.8,,,0.0,0.0,,,,,,0.0
2026-10-01T00:48:25Z,1450.6,38897.4,98.5,,,0.0,0.0,,,,,,0.2
2026-10-01T00:48:30Z,1455.6,38897.4,93.1,,,0.0,0.0,,,,,,0.0
2026-10-01T00:48:35Z,1460.6,38897.4,1.5,,,0.0,0.0,,,,,,0.1
2026-10-01T00:48:40Z,1465.7,38897.4,43.2,,,0.0,0.0,,,,,,0.3
2026-10-01T00:48:45Z,1470.7,38897.4,30.7,,,0.0,0.0,,,,,,0.2
2026-10-01T00:48:50Z,1475.8,38897.4,255.1,,,0.0,0.0,,,,,,0.0
2026-10-01T00:48:55Z,1480.8,38897.4,1599.5,,,0.0,0.0,,,,,,0.0
2026-10-01T00:49:00Z,1485.8,38897.4,22305.0,,,0.0,0.0,,,,,,0.0
