SeLockMemoryPrivilege: ENABLED -- SeLockMemoryPrivilege enabled on this process's token
AWE chunk: requested 524288 pages, got 524288. held_mb=2048.0 avail_mb=32152.7
AWE chunk: requested 524288 pages, got 524288. held_mb=4096.0 avail_mb=30093.3
AWE chunk: requested 524288 pages, got 524288. held_mb=6144.0 avail_mb=28045.1
TARGET REACHED (or best effort). mechanism=AWE held_mb=6144.0 available_mb=25995.2 target_available_mb=25790.65396118164
2026-10-05T07:00:18Z,0.0,6144.0,25995.2,,,0.0,0.0,,,,,,0.0
2026-10-05T07:00:23Z,5.0,6144.0,26000.9,,,0.0,0.0,,,,,,0.0
2026-10-05T07:00:28Z,10.0,6144.0,26002.0,,,0.0,0.0,,,,,,0.0
2026-10-05T07:00:33Z,15.0,6144.0,26001.3,,,0.0,0.0,,,,,,0.0
2026-10-05T07:00:38Z,20.0,6144.0,26002.1,,,0.0,0.0,,,,,,0.0
2026-10-05T07:00:43Z,25.0,6144.0,26002.4,,,0.0,0.0,,,,,,0.0
2026-10-05T07:00:48Z,30.0,6144.0,26003.2,,,0.0,0.0,,,,,,0.0
2026-10-05T07:00:53Z,35.0,6144.0,25998.9,,,0.0,0.0,,,,,,0.0
2026-10-05T07:00:58Z,40.0,6144.0,25999.4,,,0.0,0.0,,,,,,0.0
2026-10-05T07:01:03Z,45.0,6144.0,25998.3,,,0.0,0.0,,,,,,0.0
2026-10-05T07:01:08Z,50.0,6144.0,25998.6,,,0.0,0.0,,,,,,0.0
2026-10-05T07:01:13Z,55.0,6144.0,25998.5,,,0.0,0.0,,,,,,0.0
2026-10-05T07:01:18Z,60.0,6144.0,26000.1,,,0.0,0.0,,,,,,0.0
2026-10-05T07:01:23Z,65.0,6144.0,26002.4,,,0.0,0.0,,,,,,0.0
2026-10-05T07:01:28Z,70.0,6144.0,26002.5,,,0.0,0.0,,,,,,0.0
2026-10-05T07:01:33Z,75.0,6144.0,26003.6,,,0.0,0.0,,,,,,0.0
2026-10-05T07:01:38Z,80.0,6144.0,26004.2,,,0.0,0.0,,,,,,0.0
2026-10-05T07:01:43Z,85.0,6144.0,26003.9,,,0.0,0.0,,,,,,0.0
2026-10-05T07:01:48Z,90.0,6144.0,26010.3,,,0.0,0.0,,,,,,0.0
2026-10-05T07:01:53Z,95.0,6144.0,26005.6,,,0.0,0.0,,,,,,0.0
2026-10-05T07:01:58Z,100.0,6144.0,26005.3,,,0.0,0.0,,,,,,0.0
2026-10-05T07:02:03Z,105.0,6144.0,26006.2,,,0.0,0.0,,,,,,0.0
2026-10-05T07:02:08Z,110.0,6144.0,26005.9,,,0.0,0.0,,,,,,0.0
2026-10-05T07:02:13Z,115.0,6144.0,26007.7,,,0.0,0.0,,,,,,0.0
2026-10-05T07:02:18Z,120.0,6144.0,26007.2,,,0.0,0.0,,,,,,0.0
2026-10-05T07:02:23Z,125.0,6144.0,26009.1,,,0.0,0.0,,,,,,0.0
2026-10-05T07:02:28Z,130.0,6144.0,26009.5,,,0.0,0.0,,,,,,0.0
2026-10-05T07:02:33Z,135.0,6144.0,26011.0,,,0.0,0.0,,,,,,0.0
2026-10-05T07:02:38Z,140.0,6144.0,26011.0,,,0.0,0.0,,,,,,0.0
2026-10-05T07:02:43Z,145.0,6144.0,26011.8,,,0.0,0.0,,,,,,0.0
2026-10-05T07:02:48Z,150.0,6144.0,26012.4,,,0.0,0.0,,,,,,0.0
2026-10-05T07:02:53Z,155.0,6144.0,26008.8,,,0.0,0.0,,,,,,0.0
2026-10-05T07:02:58Z,160.0,6144.0,26010.5,,,0.0,0.0,,,,,,0.0
2026-10-05T07:03:03Z,165.0,6144.0,26009.2,,,0.0,0.0,,,,,,0.0
2026-10-05T07:03:08Z,170.0,6144.0,26007.3,,,0.0,0.0,,,,,,0.0
2026-10-05T07:03:13Z,175.0,6144.0,26008.2,,,0.0,0.0,,,,,,0.0
2026-10-05T07:03:18Z,180.0,6144.0,26007.8,,,0.0,0.0,,,,,,0.0
2026-10-05T07:03:23Z,185.0,6144.0,26007.9,,,0.0,0.0,,,,,,0.0
2026-10-05T07:03:28Z,190.0,6144.0,26008.8,,,0.0,0.0,,,,,,0.0
2026-10-05T07:03:33Z,195.0,6144.0,26010.6,,,0.0,0.0,,,,,,0.0
2026-10-05T07:03:38Z,200.0,6144.0,26010.9,,,0.0,0.0,,,,,,0.0
2026-10-05T07:03:43Z,205.0,6144.0,25987.0,,,0.0,0.0,,,,,,0.0
2026-10-05T07:03:48Z,210.0,6144.0,26008.4,,,0.0,0.0,,,,,,0.0
2026-10-05T07:03:53Z,215.0,6144.0,26004.1,,,0.0,0.0,,,,,,0.0
2026-10-05T07:03:58Z,220.0,6144.0,26004.6,,,0.0,0.0,,,,,,0.0
2026-10-05T07:04:03Z,225.0,6144.0,26005.1,,,0.0,0.0,,,,,,0.0
2026-10-05T07:04:08Z,230.0,6144.0,26003.6,,,0.0,0.0,,,,,,0.0
2026-10-05T07:04:13Z,235.0,6144.0,26004.8,,,0.0,0.0,,,,,,0.0
2026-10-05T07:04:18Z,240.0,6144.0,26004.1,,,0.0,0.0,,,,,,0.0
2026-10-05T07:04:23Z,245.0,6144.0,26002.4,,,0.0,0.0,,,,,,0.0
2026-10-05T07:04:28Z,250.0,6144.0,26001.7,,,0.0,0.0,,,,,,0.0
2026-10-05T07:04:33Z,255.0,6144.0,26003.3,,,0.0,0.0,,,,,,0.0
2026-10-05T07:04:38Z,260.0,6144.0,26003.2,,,0.0,0.0,,,,,,0.0
2026-10-05T07:04:43Z,265.0,6144.0,26004.8,,,0.0,0.0,,,,,,0.0
2026-10-05T07:04:48Z,270.0,6144.0,26010.1,,,0.0,0.0,,,,,,0.0
2026-10-05T07:04:53Z,275.0,6144.0,26001.5,,,0.0,0.0,,,,,,0.0
2026-10-05T07:04:58Z,280.0,6144.0,26002.7,,,0.0,0.0,,,,,,0.0
2026-10-05T07:05:03Z,285.0,6144.0,26001.3,,,0.0,0.0,,,,,,0.0
2026-10-05T07:05:08Z,290.0,6144.0,25980.4,,,0.0,0.0,,,,,,0.0
2026-10-05T07:05:13Z,295.0,6144.0,25988.1,,,0.0,0.0,,,,,,0.0
2026-10-05T07:05:18Z,300.0,6144.0,26003.1,,,0.0,0.0,,,,,,0.0
2026-10-05T07:05:23Z,305.0,6144.0,25994.8,,,0.0,0.0,,,,,,0.0
2026-10-05T07:05:28Z,310.0,6144.0,25993.9,,,0.0,0.0,,,,,,0.0
2026-10-05T07:05:33Z,315.0,6144.0,25995.1,,,0.0,0.0,,,,,,0.0
2026-10-05T07:05:38Z,320.0,6144.0,25994.2,,,0.0,0.0,,,,,,0.0
2026-10-05T07:05:43Z,325.0,6144.0,25995.2,,,0.0,0.0,,,,,,0.0
2026-10-05T07:05:48Z,330.0,6144.0,25994.2,,,0.0,0.0,,,,,,0.0
2026-10-05T07:05:53Z,335.0,6144.0,25988.3,,,0.0,0.0,,,,,,0.0
2026-10-05T07:05:58Z,340.0,6144.0,25989.8,,,0.0,0.0,,,,,,0.0
2026-10-05T07:06:03Z,345.0,6144.0,25988.4,,,0.0,0.0,,,,,,0.0
2026-10-05T07:06:08Z,350.0,6144.0,25988.2,,,0.0,0.0,,,,,,0.0
2026-10-05T07:06:13Z,355.0,6144.0,25989.4,,,0.0,0.0,,,,,,0.0
2026-10-05T07:06:18Z,360.0,6144.0,25989.7,,,0.0,0.0,,,,,,0.0
2026-10-05T07:06:23Z,365.0,6144.0,25992.1,,,0.0,0.0,,,,,,0.0
2026-10-05T07:06:28Z,370.0,6144.0,25993.6,,,0.0,0.0,,,,,,0.0
2026-10-05T07:06:33Z,375.0,6144.0,25996.2,,,0.0,0.0,,,,,,0.0
2026-10-05T07:06:38Z,380.0,6144.0,25995.7,,,0.0,0.0,,,,,,0.0
2026-10-05T07:06:43Z,385.0,6144.0,25996.3,,,0.0,0.0,,,,,,0.0
2026-10-05T07:06:48Z,390.0,6144.0,25997.1,,,0.0,0.0,,,,,,0.0
2026-10-05T07:06:53Z,395.0,6144.0,25990.5,,,0.0,0.0,,,,,,0.0
2026-10-05T07:06:58Z,400.0,6144.0,25971.1,,,0.0,0.0,,,,,,0.0
2026-10-05T07:07:03Z,405.0,6144.0,25975.6,,,0.0,0.0,,,,,,0.0
2026-10-05T07:07:08Z,410.0,6144.0,25974.4,,,0.0,0.0,,,,,,0.0
2026-10-05T07:07:13Z,415.0,6144.0,25975.1,,,0.0,0.0,,,,,,0.0
2026-10-05T07:07:18Z,420.1,6144.0,25975.7,,,0.0,0.0,,,,,,0.0
2026-10-05T07:07:23Z,425.1,6144.0,25977.8,,,0.0,0.0,,,,,,0.0
2026-10-05T07:07:28Z,430.1,6144.0,25985.1,,,0.0,0.0,,,,,,0.0
2026-10-05T07:07:33Z,435.1,6144.0,25988.8,,,0.0,0.0,,,,,,0.0
2026-10-05T07:07:38Z,440.1,6144.0,25997.0,,,0.0,0.0,,,,,,0.0
2026-10-05T07:07:43Z,445.1,6144.0,25994.8,,,0.0,0.0,,,,,,0.0
2026-10-05T07:07:48Z,450.1,6144.0,25995.5,,,0.0,0.0,,,,,,0.0
2026-10-05T07:07:53Z,455.1,6144.0,25986.9,,,0.0,0.0,,,,,,0.0
2026-10-05T07:07:58Z,460.1,6144.0,25989.6,,,0.0,0.0,,,,,,0.0
2026-10-05T07:08:03Z,465.1,6144.0,25985.4,,,0.0,0.0,,,,,,0.0
2026-10-05T07:08:08Z,470.1,6144.0,25989.7,,,0.0,0.0,,,,,,0.0
2026-10-05T07:08:13Z,475.1,6144.0,25989.6,,,0.0,0.0,,,,,,0.0
2026-10-05T07:08:18Z,480.1,6144.0,25989.7,,,0.0,0.0,,,,,,0.0
2026-10-05T07:08:23Z,485.1,6144.0,25991.3,,,0.0,0.0,,,,,,0.0
2026-10-05T07:08:28Z,490.1,6144.0,25995.9,,,0.0,0.0,,,,,,0.0
2026-10-05T07:08:33Z,495.1,6144.0,25996.4,,,0.0,0.0,,,,,,0.0
2026-10-05T07:08:38Z,500.1,6144.0,25995.8,,,0.0,0.0,,,,,,0.0
2026-10-05T07:08:43Z,505.1,6144.0,25996.3,,,0.0,0.0,,,,,,0.0
2026-10-05T07:08:48Z,510.1,6144.0,25996.4,,,0.0,0.0,,,,,,0.0
2026-10-05T07:08:53Z,515.1,6144.0,25990.1,,,0.0,0.0,,,,,,0.0
2026-10-05T07:08:58Z,520.1,6144.0,25988.4,,,0.0,0.0,,,,,,0.0
2026-10-05T07:09:03Z,525.1,6144.0,25987.8,,,0.0,0.0,,,,,,0.0
2026-10-05T07:09:08Z,530.1,6144.0,25986.9,,,0.0,0.0,,,,,,0.0
2026-10-05T07:09:13Z,535.1,6144.0,25987.7,,,0.0,0.0,,,,,,0.0
2026-10-05T07:09:18Z,540.1,6144.0,25988.0,,,0.0,0.0,,,,,,0.0
2026-10-05T07:09:23Z,545.1,6144.0,25989.1,,,0.0,0.0,,,,,,0.0
2026-10-05T07:09:28Z,550.1,6144.0,25987.7,,,0.0,0.0,,,,,,0.0
2026-10-05T07:09:33Z,555.1,6144.0,25990.7,,,0.0,0.0,,,,,,0.0
2026-10-05T07:09:38Z,560.1,6144.0,25991.5,,,0.0,0.0,,,,,,0.0
2026-10-05T07:09:43Z,565.1,6144.0,25991.9,,,0.0,0.0,,,,,,0.0
2026-10-05T07:09:48Z,570.1,6144.0,26311.8,,,0.0,0.0,,,,,,0.0
2026-10-05T07:09:53Z,575.1,6144.0,25986.6,,,0.0,0.0,,,,,,0.0
2026-10-05T07:09:58Z,580.1,6144.0,25987.8,,,0.0,0.0,,,,,,0.0
2026-10-05T07:10:03Z,585.1,6144.0,25988.0,,,0.0,0.0,,,,,,0.0
2026-10-05T07:10:08Z,590.1,6144.0,25987.0,,,0.0,0.0,,,,,,0.0
2026-10-05T07:10:13Z,595.1,6144.0,25987.3,,,0.0,0.0,,,,,,0.0
2026-10-05T07:10:18Z,600.1,6144.0,25987.9,,,0.0,0.0,,,,,,0.0
2026-10-05T07:10:23Z,605.1,6144.0,25988.2,,,0.0,0.0,,,,,,0.0
2026-10-05T07:10:28Z,610.1,6144.0,25988.6,,,0.0,0.0,,,,,,0.0
2026-10-05T07:10:33Z,615.1,6144.0,25990.1,,,0.0,0.0,,,,,,0.0
2026-10-05T07:10:38Z,620.1,6144.0,25990.0,,,0.0,0.0,,,,,,0.0
2026-10-05T07:10:43Z,625.1,6144.0,25990.5,,,0.0,0.0,,,,,,0.0
2026-10-05T07:10:48Z,630.1,6144.0,25991.4,,,0.0,0.0,,,,,,0.0
2026-10-05T07:10:53Z,635.1,6144.0,25981.5,,,0.0,0.0,,,,,,0.0
2026-10-05T07:10:58Z,640.1,6144.0,25989.1,,,0.0,0.0,,,,,,0.0
2026-10-05T07:11:03Z,645.1,6144.0,25988.7,,,0.0,0.0,,,,,,0.0
2026-10-05T07:11:08Z,650.1,6144.0,25987.1,,,0.0,0.0,,,,,,0.0
2026-10-05T07:11:13Z,655.1,6144.0,25985.0,,,0.0,0.0,,,,,,0.0
2026-10-05T07:11:18Z,660.1,6144.0,25986.3,,,0.0,0.0,,,,,,0.0
2026-10-05T07:11:23Z,665.1,6144.0,25989.1,,,0.0,0.0,,,,,,0.0
2026-10-05T07:11:28Z,670.1,6144.0,25989.1,,,0.0,0.0,,,,,,0.0
2026-10-05T07:11:33Z,675.1,6144.0,25993.2,,,0.0,0.0,,,,,,0.0
2026-10-05T07:11:38Z,680.1,6144.0,25993.3,,,0.0,0.0,,,,,,0.0
2026-10-05T07:11:43Z,685.1,6144.0,25994.8,,,0.0,0.0,,,,,,0.0
2026-10-05T07:11:48Z,690.1,6144.0,25995.5,,,0.0,0.0,,,,,,0.0
2026-10-05T07:11:53Z,695.1,6144.0,25990.7,,,0.0,0.0,,,,,,0.0
2026-10-05T07:11:58Z,700.1,6144.0,25991.2,,,0.0,0.0,,,,,,0.0
2026-10-05T07:12:03Z,705.1,6144.0,25991.9,,,0.0,0.0,,,,,,0.0
2026-10-05T07:12:08Z,710.1,6144.0,25990.6,,,0.0,0.0,,,,,,0.0
2026-10-05T07:12:13Z,715.1,6144.0,25991.9,,,0.0,0.0,,,,,,0.0
2026-10-05T07:12:18Z,720.1,6144.0,25992.0,,,0.0,0.0,,,,,,0.0
2026-10-05T07:12:23Z,725.1,6144.0,25994.1,,,0.0,0.0,,,,,,0.0
2026-10-05T07:12:28Z,730.1,6144.0,25993.7,,,0.0,0.0,,,,,,0.0
2026-10-05T07:12:33Z,735.1,6144.0,25996.7,,,0.0,0.0,,,,,,0.0
2026-10-05T07:12:38Z,740.1,6144.0,25996.8,,,0.0,0.0,,,,,,0.0
2026-10-05T07:12:43Z,745.1,6144.0,25997.1,,,0.0,0.0,,,,,,0.0
2026-10-05T07:12:48Z,750.1,6144.0,25998.0,,,0.0,0.0,,,,,,0.0
2026-10-05T07:12:53Z,755.1,6144.0,25991.3,,,0.0,0.0,,,,,,0.0
2026-10-05T07:12:58Z,760.1,6144.0,25991.9,,,0.0,0.0,,,,,,0.0
2026-10-05T07:13:03Z,765.1,6144.0,25991.2,,,0.0,0.0,,,,,,0.0
2026-10-05T07:13:08Z,770.1,6144.0,25991.5,,,0.0,0.0,,,,,,0.0
2026-10-05T07:13:13Z,775.1,6144.0,25992.3,,,0.0,0.0,,,,,,0.0
2026-10-05T07:13:18Z,780.1,6144.0,25996.3,,,0.0,0.0,,,,,,0.0
2026-10-05T07:13:23Z,785.1,6144.0,25996.5,,,0.0,0.0,,,,,,0.0
2026-10-05T07:13:28Z,790.1,6144.0,25996.3,,,0.0,0.0,,,,,,0.0
2026-10-05T07:13:33Z,795.1,6144.0,25996.4,,,0.0,0.0,,,,,,0.0
2026-10-05T07:13:38Z,800.1,6144.0,25994.1,,,0.0,0.0,,,,,,0.0
2026-10-05T07:13:43Z,805.1,6144.0,25970.6,,,0.0,0.0,,,,,,0.0
2026-10-05T07:13:48Z,810.1,6144.0,25988.4,,,0.0,0.0,,,,,,0.0
2026-10-05T07:13:53Z,815.1,6144.0,25984.8,,,0.0,0.0,,,,,,0.0
2026-10-05T07:13:58Z,820.1,6144.0,25986.4,,,0.0,0.0,,,,,,0.0
