SeLockMemoryPrivilege: ENABLED -- SeLockMemoryPrivilege enabled on this process's token
AWE chunk: requested 524288 pages, got 524288. held_mb=2048.0 avail_mb=50333.5
AWE chunk: requested 524288 pages, got 524288. held_mb=4096.0 avail_mb=48279.4
AWE chunk: requested 524288 pages, got 524288. held_mb=6144.0 avail_mb=46228.9
AWE chunk: requested 524288 pages, got 524288. held_mb=8192.0 avail_mb=44183.5
AWE chunk: requested 524288 pages, got 524288. held_mb=10240.0 avail_mb=42129.8
AWE chunk: requested 524288 pages, got 524288. held_mb=12288.0 avail_mb=40079.6
AWE chunk: requested 524288 pages, got 524288. held_mb=14336.0 avail_mb=38027.2
AWE chunk: requested 524288 pages, got 524288. held_mb=16384.0 avail_mb=35974.4
AWE chunk: requested 524288 pages, got 524288. held_mb=18432.0 avail_mb=33921.5
AWE chunk: requested 524288 pages, got 524288. held_mb=20480.0 avail_mb=31871.4
AWE chunk: requested 524288 pages, got 524288. held_mb=22528.0 avail_mb=29820.5
AWE chunk: requested 524288 pages, got 524288. held_mb=24576.0 avail_mb=27767.9
AWE chunk: requested 524288 pages, got 524288. held_mb=26624.0 avail_mb=25708.0
AWE chunk: requested 501103 pages, got 501103. held_mb=28581.4 avail_mb=23652.1
TARGET REACHED (or best effort). mechanism=AWE held_mb=28581.4 available_mb=21682.9 target_available_mb=21694.65396118164
2026-10-05T04:17:54Z,0.0,28581.4,21682.9,,,0.0,0.0,,,,,,0.0
2026-10-05T04:17:59Z,5.0,28581.4,21692.6,,,0.0,0.0,,,,,,0.0
2026-10-05T04:18:04Z,10.0,28581.4,21689.4,,,0.0,0.0,,,,,,0.0
2026-10-05T04:18:09Z,15.0,28581.4,21692.2,,,0.0,0.0,,,,,,0.0
2026-10-05T04:18:14Z,20.0,28581.4,21691.2,,,0.0,0.0,,,,,,0.0
2026-10-05T04:18:19Z,25.0,28581.4,21690.3,,,0.0,0.0,,,,,,0.0
2026-10-05T04:18:24Z,30.0,28581.4,21692.3,,,0.0,0.0,,,,,,0.0
2026-10-05T04:18:29Z,35.0,28581.4,21698.2,,,0.0,0.0,,,,,,0.0
2026-10-05T04:18:34Z,40.0,28581.4,21701.2,,,0.0,0.0,,,,,,0.0
2026-10-05T04:18:39Z,45.0,28581.4,21701.0,,,0.0,0.0,,,,,,0.0
2026-10-05T04:18:44Z,50.0,28581.4,21699.4,,,0.0,0.0,,,,,,0.0
2026-10-05T04:18:49Z,55.0,28581.4,21701.2,,,0.0,0.0,,,,,,0.0
2026-10-05T04:18:54Z,60.0,28581.4,21695.6,,,0.0,0.0,,,,,,0.0
2026-10-05T04:18:59Z,65.0,28581.4,21696.2,,,0.0,0.0,,,,,,0.0
2026-10-05T04:19:04Z,70.0,28581.4,21694.6,,,0.0,0.0,,,,,,0.0
2026-10-05T04:19:09Z,75.0,28581.4,21693.8,,,0.0,0.0,,,,,,0.0
2026-10-05T04:19:14Z,80.0,28581.4,21694.6,,,0.0,0.0,,,,,,0.0
2026-10-05T04:19:19Z,85.0,28581.4,21695.1,,,0.0,0.0,,,,,,0.0
2026-10-05T04:19:24Z,90.0,28581.4,21698.7,,,0.0,0.0,,,,,,0.0
2026-10-05T04:19:29Z,95.0,28581.4,21699.3,,,0.0,0.0,,,,,,0.0
2026-10-05T04:19:34Z,100.0,28581.4,21701.5,,,0.0,0.0,,,,,,0.0
2026-10-05T04:19:39Z,105.0,28581.4,21701.5,,,0.0,0.0,,,,,,0.0
2026-10-05T04:19:44Z,110.0,28581.4,21701.2,,,0.0,0.0,,,,,,0.0
2026-10-05T04:19:49Z,115.0,28581.4,21701.7,,,0.0,0.0,,,,,,0.0
2026-10-05T04:19:54Z,120.0,28581.4,21700.4,,,0.0,0.0,,,,,,0.0
2026-10-05T04:19:59Z,125.0,28581.4,21694.9,,,0.0,0.0,,,,,,0.0
2026-10-05T04:20:04Z,130.0,28581.4,21695.8,,,0.0,0.0,,,,,,0.0
2026-10-05T04:20:09Z,135.0,28581.4,21694.4,,,0.0,0.0,,,,,,0.0
2026-10-05T04:20:14Z,140.0,28581.4,21783.2,,,0.0,0.0,,,,,,0.0
2026-10-05T04:20:19Z,145.0,28581.4,21783.1,,,0.0,0.0,,,,,,0.0
2026-10-05T04:20:24Z,150.0,28581.4,21778.6,,,0.0,0.0,,,,,,0.0
2026-10-05T04:20:29Z,155.0,28581.4,21780.1,,,0.0,0.0,,,,,,0.0
2026-10-05T04:20:34Z,160.0,28581.4,21781.3,,,0.0,0.0,,,,,,0.0
2026-10-05T04:20:39Z,165.0,28581.4,21780.8,,,0.0,0.0,,,,,,0.0
2026-10-05T04:20:44Z,170.0,28581.4,21788.2,,,0.0,0.0,,,,,,0.0
2026-10-05T04:20:49Z,175.0,28581.4,21788.8,,,0.0,0.0,,,,,,0.0
2026-10-05T04:20:54Z,180.0,28581.4,21788.2,,,0.0,0.0,,,,,,0.0
2026-10-05T04:20:59Z,185.0,28581.4,21781.3,,,0.0,0.0,,,,,,0.0
2026-10-05T04:21:04Z,190.0,28581.4,21780.8,,,0.0,0.0,,,,,,0.0
2026-10-05T04:21:09Z,195.0,28581.4,21780.0,,,0.0,0.0,,,,,,0.0
2026-10-05T04:21:14Z,200.0,28581.4,21780.8,,,0.0,0.0,,,,,,0.0
2026-10-05T04:21:19Z,205.0,28581.4,21781.4,,,0.0,0.0,,,,,,0.0
2026-10-05T04:21:24Z,210.0,28581.4,21783.3,,,0.0,0.0,,,,,,0.0
2026-10-05T04:21:29Z,215.0,28581.4,21784.2,,,0.0,0.0,,,,,,0.0
2026-10-05T04:21:34Z,220.0,28581.4,21786.5,,,0.0,0.0,,,,,,0.0
2026-10-05T04:21:39Z,225.0,28581.4,21787.5,,,0.0,0.0,,,,,,0.0
2026-10-05T04:21:44Z,230.0,28581.4,21787.9,,,0.0,0.0,,,,,,0.0
2026-10-05T04:21:49Z,235.0,28581.4,21787.9,,,0.0,0.0,,,,,,0.0
2026-10-05T04:21:54Z,240.0,28581.4,21787.3,,,0.0,0.0,,,,,,0.0
2026-10-05T04:21:59Z,245.0,28581.4,21781.4,,,0.0,0.0,,,,,,0.0
2026-10-05T04:22:04Z,250.0,28581.4,21778.6,,,0.0,0.0,,,,,,0.0
2026-10-05T04:22:09Z,255.0,28581.4,21779.0,,,0.0,0.0,,,,,,0.0
2026-10-05T04:22:14Z,260.0,28581.4,21778.8,,,0.0,0.0,,,,,,0.0
2026-10-05T04:22:19Z,265.0,28581.4,21780.2,,,0.0,0.0,,,,,,0.0
2026-10-05T04:22:24Z,270.0,28581.4,21780.4,,,0.0,0.0,,,,,,0.0
2026-10-05T04:22:29Z,275.0,28581.4,21764.6,,,0.0,0.0,,,,,,0.0
2026-10-05T04:22:34Z,280.0,28581.4,21766.7,,,0.0,0.0,,,,,,0.0
2026-10-05T04:22:39Z,285.0,28581.4,21767.3,,,0.0,0.0,,,,,,0.0
2026-10-05T04:22:44Z,290.0,28581.4,21767.4,,,0.0,0.0,,,,,,0.0
2026-10-05T04:22:49Z,295.0,28581.4,21767.5,,,0.0,0.0,,,,,,0.0
2026-10-05T04:22:54Z,300.0,28581.4,21763.4,,,0.0,0.0,,,,,,0.0
2026-10-05T04:22:59Z,305.0,28581.4,21763.0,,,0.0,0.0,,,,,,0.0
2026-10-05T04:23:04Z,310.0,28581.4,21762.6,,,0.0,0.0,,,,,,0.0
2026-10-05T04:23:09Z,315.0,28581.4,21762.4,,,0.0,0.0,,,,,,0.0
2026-10-05T04:23:14Z,320.0,28581.4,21765.1,,,0.0,0.0,,,,,,0.0
2026-10-05T04:23:19Z,325.0,28581.4,21764.9,,,0.0,0.0,,,,,,0.0
2026-10-05T04:23:24Z,330.0,28581.4,21767.2,,,0.0,0.0,,,,,,0.0
2026-10-05T04:23:29Z,335.0,28581.4,21768.7,,,0.0,0.0,,,,,,0.0
2026-10-05T04:23:34Z,340.0,28581.4,21770.5,,,0.0,0.0,,,,,,0.0
2026-10-05T04:23:39Z,345.0,28581.4,21769.9,,,0.0,0.0,,,,,,0.0
2026-10-05T04:23:44Z,350.0,28581.4,21768.6,,,0.0,0.0,,,,,,0.0
2026-10-05T04:23:49Z,355.0,28581.4,21768.4,,,0.0,0.0,,,,,,0.0
2026-10-05T04:23:54Z,360.0,28581.4,21761.9,,,0.0,0.0,,,,,,0.0
2026-10-05T04:23:59Z,365.0,28581.4,21762.3,,,0.0,0.0,,,,,,0.0
2026-10-05T04:24:04Z,370.0,28581.4,21767.6,,,0.0,0.0,,,,,,0.0
2026-10-05T04:24:09Z,375.0,28581.4,21766.9,,,0.0,0.0,,,,,,0.0
2026-10-05T04:24:14Z,380.0,28581.4,21767.2,,,0.0,0.0,,,,,,0.0
2026-10-05T04:24:19Z,385.0,28581.4,21766.5,,,0.0,0.0,,,,,,0.0
2026-10-05T04:24:24Z,390.0,28581.4,21766.7,,,0.0,0.0,,,,,,0.0
2026-10-05T04:24:29Z,395.0,28581.4,21768.0,,,0.0,0.0,,,,,,0.0
2026-10-05T04:24:34Z,400.0,28581.4,21769.1,,,0.0,0.0,,,,,,0.0
2026-10-05T04:24:39Z,405.0,28581.4,21769.3,,,0.0,0.0,,,,,,0.0
2026-10-05T04:24:44Z,410.0,28581.4,21770.3,,,0.0,0.0,,,,,,0.0
2026-10-05T04:24:49Z,415.0,28581.4,21771.3,,,0.0,0.0,,,,,,0.0
2026-10-05T04:24:54Z,420.0,28581.4,21764.5,,,0.0,0.0,,,,,,0.0
2026-10-05T04:24:59Z,425.0,28581.4,21763.3,,,0.0,0.0,,,,,,0.0
2026-10-05T04:25:04Z,430.0,28581.4,21763.5,,,0.0,0.0,,,,,,0.0
2026-10-05T04:25:09Z,435.0,28581.4,21762.9,,,0.0,0.0,,,,,,0.0
2026-10-05T04:25:14Z,440.0,28581.4,21763.6,,,0.0,0.0,,,,,,0.0
2026-10-05T04:25:19Z,445.0,28581.4,21762.4,,,0.0,0.0,,,,,,0.0
2026-10-05T04:25:24Z,450.0,28581.4,21763.6,,,0.0,0.0,,,,,,0.0
2026-10-05T04:25:29Z,455.0,28581.4,21765.8,,,0.0,0.0,,,,,,0.0
2026-10-05T04:25:34Z,460.1,28581.4,21767.2,,,0.0,0.0,,,,,,0.0
2026-10-05T04:25:39Z,465.1,28581.4,21767.6,,,0.0,0.0,,,,,,0.0
2026-10-05T04:25:44Z,470.1,28581.4,21769.2,,,0.0,0.0,,,,,,0.0
2026-10-05T04:25:49Z,475.1,28581.4,21769.0,,,0.0,0.0,,,,,,0.0
2026-10-05T04:25:54Z,480.1,28581.4,21762.1,,,0.0,0.0,,,,,,0.0
2026-10-05T04:25:59Z,485.1,28581.4,21763.3,,,0.0,0.0,,,,,,0.0
2026-10-05T04:26:04Z,490.1,28581.4,21763.4,,,0.0,0.0,,,,,,0.0
2026-10-05T04:26:09Z,495.1,28581.4,21763.6,,,0.0,0.0,,,,,,0.0
2026-10-05T04:26:14Z,500.1,28581.4,21764.4,,,0.0,0.0,,,,,,0.0
2026-10-05T04:26:19Z,505.1,28581.4,21764.9,,,0.0,0.0,,,,,,0.0
2026-10-05T04:26:24Z,510.1,28581.4,21771.1,,,0.0,0.0,,,,,,0.0
2026-10-05T04:26:29Z,515.1,28581.4,21772.0,,,0.0,0.0,,,,,,0.0
2026-10-05T04:26:34Z,520.1,28581.4,21772.6,,,0.0,0.0,,,,,,0.0
2026-10-05T04:26:39Z,525.1,28581.4,21770.5,,,0.0,0.0,,,,,,0.0
2026-10-05T04:26:44Z,530.1,28581.4,21770.3,,,0.0,0.0,,,,,,0.0
2026-10-05T04:26:49Z,535.1,28581.4,21770.3,,,0.0,0.0,,,,,,0.0
2026-10-05T04:26:54Z,540.1,28581.4,21760.6,,,0.0,0.0,,,,,,0.0
2026-10-05T04:26:59Z,545.1,28581.4,21762.4,,,0.0,0.0,,,,,,0.0
2026-10-05T04:27:04Z,550.1,28581.4,21757.7,,,0.0,0.0,,,,,,0.0
2026-10-05T04:27:09Z,555.1,28581.4,21760.9,,,0.0,0.0,,,,,,0.0
2026-10-05T04:27:14Z,560.1,28581.4,21762.6,,,0.0,0.0,,,,,,0.0
2026-10-05T04:27:19Z,565.1,28581.4,21724.5,,,0.0,0.0,,,,,,0.0
2026-10-05T04:27:24Z,570.1,28581.4,21765.9,,,0.0,0.0,,,,,,0.0
2026-10-05T04:27:29Z,575.1,28581.4,21770.0,,,0.0,0.0,,,,,,0.0
2026-10-05T04:27:34Z,580.1,28581.4,21771.6,,,0.0,0.0,,,,,,0.0
2026-10-05T04:27:39Z,585.1,28581.4,21770.3,,,0.0,0.0,,,,,,0.0
2026-10-05T04:27:44Z,590.1,28581.4,21772.4,,,0.0,0.0,,,,,,0.0
2026-10-05T04:27:49Z,595.1,28581.4,21773.2,,,0.0,0.0,,,,,,0.0
2026-10-05T04:27:54Z,600.1,28581.4,21765.2,,,0.0,0.0,,,,,,0.0
2026-10-05T04:27:59Z,605.1,28581.4,21765.8,,,0.0,0.0,,,,,,0.0
2026-10-05T04:28:04Z,610.1,28581.4,21766.7,,,0.0,0.0,,,,,,0.0
2026-10-05T04:28:09Z,615.1,28581.4,21766.2,,,0.0,0.0,,,,,,0.0
2026-10-05T04:28:14Z,620.1,28581.4,21765.6,,,0.0,0.0,,,,,,0.0
2026-10-05T04:28:19Z,625.1,28581.4,21766.0,,,0.0,0.0,,,,,,0.0
2026-10-05T04:28:24Z,630.1,28581.4,21766.8,,,0.0,0.0,,,,,,0.0
2026-10-05T04:28:29Z,635.1,28581.4,21768.3,,,0.0,0.0,,,,,,0.0
2026-10-05T04:28:34Z,640.1,28581.4,21769.9,,,0.0,0.0,,,,,,0.0
2026-10-05T04:28:39Z,645.1,28581.4,21770.0,,,0.0,0.0,,,,,,0.0
2026-10-05T04:28:44Z,650.1,28581.4,21775.0,,,0.0,0.0,,,,,,0.0
2026-10-05T04:28:49Z,655.1,28581.4,21776.3,,,0.0,0.0,,,,,,0.0
2026-10-05T04:28:54Z,660.1,28581.4,21774.8,,,0.0,0.0,,,,,,0.0
2026-10-05T04:28:59Z,665.1,28581.4,21768.6,,,0.0,0.0,,,,,,0.0
2026-10-05T04:29:04Z,670.1,28581.4,21768.6,,,0.0,0.0,,,,,,0.0
2026-10-05T04:29:09Z,675.1,28581.4,21769.5,,,0.0,0.0,,,,,,0.0
2026-10-05T04:29:14Z,680.1,28581.4,21771.2,,,0.0,0.0,,,,,,0.0
2026-10-05T04:29:19Z,685.1,28581.4,21771.0,,,0.0,0.0,,,,,,0.0
2026-10-05T04:29:24Z,690.1,28581.4,21773.1,,,0.0,0.0,,,,,,0.0
2026-10-05T04:29:29Z,695.1,28581.4,21774.4,,,0.0,0.0,,,,,,0.0
2026-10-05T04:29:34Z,700.1,28581.4,21776.1,,,0.0,0.0,,,,,,0.0
2026-10-05T04:29:39Z,705.1,28581.4,21775.4,,,0.0,0.0,,,,,,0.0
2026-10-05T04:29:44Z,710.1,28581.4,21776.1,,,0.0,0.0,,,,,,0.0
2026-10-05T04:29:49Z,715.1,28581.4,21775.8,,,0.0,0.0,,,,,,0.0
2026-10-05T04:29:54Z,720.1,28581.4,21774.7,,,0.0,0.0,,,,,,0.0
2026-10-05T04:29:59Z,725.1,28581.4,21768.4,,,0.0,0.0,,,,,,0.0
2026-10-05T04:30:04Z,730.1,28581.4,21769.2,,,0.0,0.0,,,,,,0.0
2026-10-05T04:30:09Z,735.1,28581.4,21767.3,,,0.0,0.0,,,,,,0.0
2026-10-05T04:30:14Z,740.1,28581.4,21766.6,,,0.0,0.0,,,,,,0.0
2026-10-05T04:30:19Z,745.1,28581.4,21766.4,,,0.0,0.0,,,,,,0.0
2026-10-05T04:30:24Z,750.1,28581.4,21770.0,,,0.0,0.0,,,,,,0.0
2026-10-05T04:30:29Z,755.1,28581.4,21770.7,,,0.0,0.0,,,,,,0.0
2026-10-05T04:30:34Z,760.1,28581.4,21772.5,,,0.0,0.0,,,,,,0.0
2026-10-05T04:30:39Z,765.1,28581.4,21772.8,,,0.0,0.0,,,,,,0.0
2026-10-05T04:30:44Z,770.1,28581.4,21773.6,,,0.0,0.0,,,,,,0.0
2026-10-05T04:30:49Z,775.1,28581.4,21773.4,,,0.0,0.0,,,,,,0.0
2026-10-05T04:30:54Z,780.1,28581.4,21772.6,,,0.0,0.0,,,,,,0.0
2026-10-05T04:30:59Z,785.1,28581.4,21748.5,,,0.0,0.0,,,,,,0.0
2026-10-05T04:31:04Z,790.1,28581.4,21753.0,,,0.0,0.0,,,,,,0.0
2026-10-05T04:31:09Z,795.1,28581.4,21752.7,,,0.0,0.0,,,,,,0.0
2026-10-05T04:31:14Z,800.1,28581.4,21765.2,,,0.0,0.0,,,,,,0.0
2026-10-05T04:31:19Z,805.1,28581.4,21754.5,,,0.0,0.0,,,,,,0.0
2026-10-05T04:31:24Z,810.1,28581.4,21756.2,,,0.0,0.0,,,,,,0.0
2026-10-05T04:31:29Z,815.1,28581.4,21756.5,,,0.0,0.0,,,,,,0.0
2026-10-05T04:31:34Z,820.1,28581.4,21758.8,,,0.0,0.0,,,,,,0.0
2026-10-05T04:31:39Z,825.1,28581.4,21755.3,,,0.0,0.0,,,,,,0.0
