SeLockMemoryPrivilege: ENABLED -- SeLockMemoryPrivilege enabled on this process's token
AWE chunk: requested 524288 pages, got 524288. held_mb=2048.0 avail_mb=60426.1
AWE chunk: requested 524288 pages, got 524288. held_mb=4096.0 avail_mb=58372.7
AWE chunk: requested 524288 pages, got 524288. held_mb=6144.0 avail_mb=56320.7
AWE chunk: requested 524288 pages, got 524288. held_mb=8192.0 avail_mb=54284.6
AWE chunk: requested 524288 pages, got 524288. held_mb=10240.0 avail_mb=52232.7
AWE chunk: requested 524288 pages, got 524288. held_mb=12288.0 avail_mb=50182.4
AWE chunk: requested 524288 pages, got 524288. held_mb=14336.0 avail_mb=48131.4
AWE chunk: requested 524288 pages, got 524288. held_mb=16384.0 avail_mb=46078.5
AWE chunk: requested 524288 pages, got 524288. held_mb=18432.0 avail_mb=44026.8
AWE chunk: requested 524288 pages, got 524288. held_mb=20480.0 avail_mb=41974.7
AWE chunk: requested 524288 pages, got 524288. held_mb=22528.0 avail_mb=39918.2
AWE chunk: requested 524288 pages, got 524288. held_mb=24576.0 avail_mb=37859.2
AWE chunk: requested 524288 pages, got 524288. held_mb=26624.0 avail_mb=35785.3
AWE chunk: requested 524288 pages, got 524288. held_mb=28672.0 avail_mb=33702.4
AWE chunk: requested 524288 pages, got 524288. held_mb=30720.0 avail_mb=31636.9
AWE chunk: requested 524288 pages, got 524288. held_mb=32768.0 avail_mb=29580.5
AWE chunk: requested 524288 pages, got 524288. held_mb=34816.0 avail_mb=27591.8
AWE chunk: requested 524288 pages, got 524288. held_mb=36864.0 avail_mb=25548.2
AWE chunk: requested 524288 pages, got 524288. held_mb=38912.0 avail_mb=23499.4
AWE chunk: requested 524288 pages, got 524288. held_mb=40960.0 avail_mb=21459.3
AWE chunk: requested 524288 pages, got 524288. held_mb=43008.0 avail_mb=19411.9
AWE chunk: requested 524288 pages, got 524288. held_mb=45056.0 avail_mb=17360.1
AWE chunk: requested 524288 pages, got 524288. held_mb=47104.0 avail_mb=15307.5
AWE chunk: requested 524288 pages, got 524288. held_mb=49152.0 avail_mb=13256.4
AWE chunk: requested 524288 pages, got 524288. held_mb=51200.0 avail_mb=11204.4
AWE chunk: requested 524288 pages, got 524288. held_mb=53248.0 avail_mb=9149.9
AWE chunk: requested 230481 pages, got 230481. held_mb=54148.3 avail_mb=7089.5
TARGET REACHED (or best effort). mechanism=AWE held_mb=54148.3 available_mb=6186.7 target_available_mb=6189.200000000001
2026-09-26T08:42:51Z,0.0,54148.3,6186.6,,,0.0,0.0,,,,,,0.0
2026-09-26T08:42:56Z,5.0,54148.3,6180.9,,,0.0,0.0,,,,,,0.0
2026-09-26T08:43:01Z,10.0,54148.3,6178.9,,,0.0,0.0,,,,,,0.0
2026-09-26T08:43:06Z,15.0,54148.3,6170.3,,,0.0,0.0,,,,,,0.0
2026-09-26T08:43:11Z,20.0,54148.3,6168.8,,,0.0,0.0,,,,,,0.0
2026-09-26T08:43:16Z,25.0,54148.3,4076.2,,,0.0,0.0,,,,,,0.0
2026-09-26T08:43:21Z,30.0,54148.3,911.6,,,0.0,0.0,,,,,,0.0
2026-09-26T08:43:26Z,35.0,54148.3,225.3,,,0.0,0.0,,,,,,0.0
2026-09-26T08:43:31Z,40.0,54148.3,376.8,,,0.0,0.0,,,,,,0.0
2026-09-26T08:43:36Z,45.0,54148.3,358.0,,,0.0,0.0,,,,,,0.0
2026-09-26T08:43:41Z,50.0,54148.3,337.2,,,0.0,0.0,,,,,,0.0
2026-09-26T08:43:46Z,55.0,54148.3,308.0,,,0.0,0.0,,,,,,0.0
2026-09-26T08:43:51Z,60.0,54148.3,496.5,,,0.0,0.0,,,,,,0.0
2026-09-26T08:43:56Z,65.0,54148.3,627.2,,,0.0,0.0,,,,,,0.0
2026-09-26T08:44:01Z,70.0,54148.3,575.4,,,0.0,0.0,,,,,,0.0
2026-09-26T08:44:06Z,75.0,54148.3,498.5,,,0.0,0.0,,,,,,0.0
2026-09-26T08:44:11Z,80.0,54148.3,468.5,,,0.0,0.0,,,,,,0.0
2026-09-26T08:44:16Z,85.0,54148.3,444.4,,,0.0,0.0,,,,,,0.0
2026-09-26T08:44:21Z,90.0,54148.3,392.2,,,0.0,0.0,,,,,,0.0
2026-09-26T08:44:26Z,95.0,54148.3,399.6,,,0.0,0.0,,,,,,0.0
2026-09-26T08:44:31Z,100.0,54148.3,381.2,,,0.0,0.0,,,,,,0.0
2026-09-26T08:44:36Z,105.0,54148.3,360.6,,,0.0,0.0,,,,,,0.0
2026-09-26T08:44:41Z,110.0,54148.3,347.6,,,0.0,0.0,,,,,,0.0
2026-09-26T08:44:46Z,115.0,54148.3,353.8,,,0.0,0.0,,,,,,0.0
2026-09-26T08:44:51Z,120.0,54148.3,319.0,,,0.0,0.0,,,,,,0.0
2026-09-26T08:44:56Z,125.0,54148.3,338.4,,,0.0,0.0,,,,,,0.0
2026-09-26T08:45:01Z,130.0,54148.3,333.2,,,0.0,0.0,,,,,,0.0
2026-09-26T08:45:06Z,135.0,54148.3,322.2,,,0.0,0.0,,,,,,0.0
2026-09-26T08:45:11Z,140.0,54148.3,320.2,,,0.0,0.0,,,,,,0.0
2026-09-26T08:45:16Z,145.0,54148.3,329.6,,,0.0,0.0,,,,,,0.0
2026-09-26T08:45:21Z,150.0,54148.3,341.5,,,0.0,0.0,,,,,,0.0
2026-09-26T08:45:26Z,155.0,54148.3,348.3,,,0.0,0.0,,,,,,0.0
2026-09-26T08:45:31Z,160.0,54148.3,346.3,,,0.0,0.0,,,,,,0.0
2026-09-26T08:45:36Z,165.0,54148.3,350.3,,,0.0,0.0,,,,,,0.0
2026-09-26T08:45:41Z,170.0,54148.3,268.5,,,0.0,0.0,,,,,,0.0
2026-09-26T08:45:46Z,175.0,54148.3,285.8,,,0.0,0.0,,,,,,0.0
2026-09-26T08:45:51Z,180.0,54148.3,280.9,,,0.0,0.0,,,,,,0.0
2026-09-26T08:45:56Z,185.0,54148.3,299.8,,,0.0,0.0,,,,,,0.0
2026-09-26T08:46:01Z,190.0,54148.3,300.7,,,0.0,0.0,,,,,,0.0
2026-09-26T08:46:06Z,195.0,54148.3,219.8,,,0.0,0.0,,,,,,0.0
2026-09-26T08:46:11Z,200.0,54148.3,214.2,,,0.0,0.0,,,,,,0.0
2026-09-26T08:46:16Z,205.0,54148.3,219.6,,,0.0,0.0,,,,,,0.0
2026-09-26T08:46:21Z,210.0,54148.3,182.8,,,0.0,0.0,,,,,,0.0
2026-09-26T08:46:26Z,215.0,54148.3,170.8,,,0.0,0.0,,,,,,0.0
2026-09-26T08:46:31Z,220.0,54148.3,190.7,,,0.0,0.0,,,,,,0.0
2026-09-26T08:46:36Z,225.0,54148.3,257.2,,,0.0,0.0,,,,,,0.0
2026-09-26T08:46:41Z,230.0,54148.3,230.8,,,0.0,0.0,,,,,,0.0
2026-09-26T08:46:46Z,235.0,54148.3,234.8,,,0.0,0.0,,,,,,0.0
2026-09-26T08:46:51Z,240.0,54148.3,233.4,,,0.0,0.0,,,,,,0.0
2026-09-26T08:46:56Z,245.0,54148.3,258.5,,,0.0,0.0,,,,,,0.0
2026-09-26T08:47:01Z,250.0,54148.3,203.5,,,0.0,0.0,,,,,,0.0
2026-09-26T08:47:06Z,255.0,54148.3,246.0,,,0.0,0.0,,,,,,0.0
2026-09-26T08:47:11Z,260.0,54148.3,202.8,,,0.0,0.0,,,,,,0.0
2026-09-26T08:47:16Z,265.0,54148.3,262.1,,,0.0,0.0,,,,,,0.0
2026-09-26T08:47:21Z,270.0,54148.3,241.9,,,0.0,0.0,,,,,,0.0
2026-09-26T08:47:26Z,275.0,54148.3,229.3,,,0.0,0.0,,,,,,0.0
2026-09-26T08:47:31Z,280.0,54148.3,167.3,,,0.0,0.0,,,,,,0.0
2026-09-26T08:47:36Z,285.0,54148.3,184.5,,,0.0,0.0,,,,,,0.0
2026-09-26T08:47:41Z,290.0,54148.3,209.5,,,0.0,0.0,,,,,,0.0
2026-09-26T08:47:46Z,295.0,54148.3,221.9,,,0.0,0.0,,,,,,0.0
2026-09-26T08:47:51Z,300.0,54148.3,160.7,,,0.0,0.0,,,,,,0.0
2026-09-26T08:47:56Z,305.0,54148.3,190.3,,,0.0,0.0,,,,,,0.0
2026-09-26T08:48:01Z,310.0,54148.3,215.2,,,0.0,0.0,,,,,,0.0
2026-09-26T08:48:06Z,315.0,54148.3,174.0,,,0.0,0.0,,,,,,0.0
2026-09-26T08:48:11Z,320.0,54148.3,215.8,,,0.0,0.0,,,,,,0.0
2026-09-26T08:48:16Z,325.0,54148.3,209.3,,,0.0,0.0,,,,,,0.0
2026-09-26T08:48:21Z,330.0,54148.3,180.5,,,0.0,0.0,,,,,,0.0
2026-09-26T08:48:26Z,335.1,54148.3,204.0,,,0.0,0.0,,,,,,0.0
2026-09-26T08:48:31Z,340.1,54148.3,210.5,,,0.0,0.0,,,,,,0.0
2026-09-26T08:48:36Z,345.1,54148.3,204.8,,,0.0,0.0,,,,,,0.0
2026-09-26T08:48:41Z,350.1,54148.3,213.6,,,0.0,0.0,,,,,,0.0
2026-09-26T08:48:46Z,355.1,54148.3,228.7,,,0.0,0.0,,,,,,0.0
2026-09-26T08:48:51Z,360.1,54148.3,182.1,,,0.0,0.0,,,,,,0.0
2026-09-26T08:48:56Z,365.1,54148.3,223.7,,,0.0,0.0,,,,,,0.0
2026-09-26T08:49:01Z,370.1,54148.3,186.4,,,0.0,0.0,,,,,,0.0
2026-09-26T08:49:06Z,375.1,54148.3,160.4,,,0.0,0.0,,,,,,0.0
2026-09-26T08:49:11Z,380.1,54148.3,242.7,,,0.0,0.0,,,,,,0.0
2026-09-26T08:49:16Z,385.1,54148.3,197.4,,,0.0,0.0,,,,,,0.0
2026-09-26T08:49:21Z,390.1,54148.3,177.0,,,0.0,0.0,,,,,,0.0
2026-09-26T08:49:26Z,395.1,54148.3,216.6,,,0.0,0.0,,,,,,0.0
2026-09-26T08:49:31Z,400.1,54148.3,207.6,,,0.0,0.0,,,,,,0.0
2026-09-26T08:49:36Z,405.1,54148.3,232.2,,,0.0,0.0,,,,,,0.0
2026-09-26T08:49:41Z,410.1,54148.3,218.2,,,0.0,0.0,,,,,,0.0
2026-09-26T08:49:46Z,415.1,54148.3,213.9,,,0.0,0.0,,,,,,0.0
2026-09-26T08:49:51Z,420.1,54148.3,192.4,,,0.0,0.0,,,,,,0.0
2026-09-26T08:49:56Z,425.1,54148.3,178.1,,,0.0,0.0,,,,,,0.0
2026-09-26T08:50:01Z,430.1,54148.3,177.1,,,0.0,0.0,,,,,,0.0
2026-09-26T08:50:06Z,435.1,54148.3,161.8,,,0.0,0.0,,,,,,0.0
2026-09-26T08:50:11Z,440.1,54148.3,145.8,,,0.0,0.0,,,,,,0.0
2026-09-26T08:50:16Z,445.1,54148.3,170.2,,,0.0,0.0,,,,,,0.0
2026-09-26T08:50:21Z,450.1,54148.3,210.9,,,0.0,0.0,,,,,,0.0
2026-09-26T08:50:26Z,455.1,54148.3,280.6,,,0.0,0.0,,,,,,0.0
2026-09-26T08:50:31Z,460.1,54148.3,217.8,,,0.0,0.0,,,,,,0.0
2026-09-26T08:50:36Z,465.1,54148.3,142.7,,,0.0,0.0,,,,,,0.0
2026-09-26T08:50:41Z,470.1,54148.3,168.0,,,0.0,0.0,,,,,,0.0
2026-09-26T08:50:46Z,475.1,54148.3,180.5,,,0.0,0.0,,,,,,0.0
2026-09-26T08:50:51Z,480.1,54148.3,135.6,,,0.0,0.0,,,,,,0.0
2026-09-26T08:50:56Z,485.1,54148.3,200.5,,,0.0,0.0,,,,,,0.0
2026-09-26T08:51:01Z,490.1,54148.3,242.4,,,0.0,0.0,,,,,,0.0
2026-09-26T08:51:06Z,495.1,54148.3,410.5,,,0.0,0.0,,,,,,0.0
2026-09-26T08:51:11Z,500.1,54148.3,312.4,,,0.0,0.0,,,,,,0.0
2026-09-26T08:51:16Z,505.1,54148.3,353.9,,,0.0,0.0,,,,,,0.0
2026-09-26T08:51:21Z,510.1,54148.3,357.1,,,0.0,0.0,,,,,,0.0
2026-09-26T08:51:26Z,515.1,54148.3,268.0,,,0.0,0.0,,,,,,0.0
2026-09-26T08:51:31Z,520.1,54148.3,321.4,,,0.0,0.0,,,,,,0.0
2026-09-26T08:51:36Z,525.1,54148.3,303.5,,,0.0,0.0,,,,,,0.0
2026-09-26T08:51:41Z,530.1,54148.3,284.3,,,0.0,0.0,,,,,,0.0
2026-09-26T08:51:46Z,535.1,54148.3,278.3,,,0.0,0.0,,,,,,0.0
2026-09-26T08:51:51Z,540.1,54148.3,267.1,,,0.0,0.0,,,,,,0.0
2026-09-26T08:51:56Z,545.1,54148.3,269.1,,,0.0,0.0,,,,,,0.0
2026-09-26T08:52:01Z,550.1,54148.3,282.3,,,0.0,0.0,,,,,,0.0
2026-09-26T08:52:06Z,555.1,54148.3,264.9,,,0.0,0.0,,,,,,0.0
2026-09-26T08:52:11Z,560.1,54148.3,217.8,,,0.0,0.0,,,,,,0.0
2026-09-26T08:52:16Z,565.1,54148.3,229.6,,,0.0,0.0,,,,,,0.0
2026-09-26T08:52:21Z,570.1,54148.3,252.9,,,0.0,0.0,,,,,,0.0
2026-09-26T08:52:26Z,575.1,54148.3,245.2,,,0.0,0.0,,,,,,0.0
2026-09-26T08:52:31Z,580.1,54148.3,232.4,,,0.0,0.0,,,,,,0.0
2026-09-26T08:52:36Z,585.1,54148.3,228.5,,,0.0,0.0,,,,,,0.0
2026-09-26T08:52:41Z,590.1,54148.3,211.2,,,0.0,0.0,,,,,,0.0
2026-09-26T08:52:46Z,595.1,54148.3,220.0,,,0.0,0.0,,,,,,0.0
2026-09-26T08:52:51Z,600.1,54148.3,228.7,,,0.0,0.0,,,,,,0.0
2026-09-26T08:52:56Z,605.1,54148.3,191.0,,,0.0,0.0,,,,,,0.0
2026-09-26T08:53:01Z,610.1,54148.3,186.1,,,0.0,0.0,,,,,,0.0
2026-09-26T08:53:06Z,615.1,54148.3,235.6,,,0.0,0.0,,,,,,0.0
2026-09-26T08:53:11Z,620.1,54148.3,208.9,,,0.0,0.0,,,,,,0.0
2026-09-26T08:53:16Z,625.1,54148.3,252.1,,,0.0,0.0,,,,,,0.0
2026-09-26T08:53:21Z,630.1,54148.3,253.2,,,0.0,0.0,,,,,,0.0
2026-09-26T08:53:26Z,635.1,54148.3,240.4,,,0.0,0.0,,,,,,0.0
2026-09-26T08:53:31Z,640.1,54148.3,237.0,,,0.0,0.0,,,,,,0.0
2026-09-26T08:53:36Z,645.1,54148.3,228.9,,,0.0,0.0,,,,,,0.0
2026-09-26T08:53:41Z,650.1,54148.3,230.8,,,0.0,0.0,,,,,,0.0
2026-09-26T08:53:46Z,655.1,54148.3,229.3,,,0.0,0.0,,,,,,0.0
2026-09-26T08:53:51Z,660.1,54148.3,226.4,,,0.0,0.0,,,,,,0.0
2026-09-26T08:53:56Z,665.1,54148.3,209.2,,,0.0,0.0,,,,,,0.0
2026-09-26T08:54:01Z,670.1,54148.3,253.3,,,0.0,0.0,,,,,,0.0
2026-09-26T08:54:06Z,675.1,54148.3,251.1,,,0.0,0.0,,,,,,0.0
2026-09-26T08:54:11Z,680.1,54148.3,263.0,,,0.0,0.0,,,,,,0.0
2026-09-26T08:54:16Z,685.1,54148.3,246.8,,,0.0,0.0,,,,,,0.0
2026-09-26T08:54:21Z,690.1,54148.3,259.0,,,0.0,0.0,,,,,,0.0
2026-09-26T08:54:26Z,695.1,54148.3,238.4,,,0.0,0.0,,,,,,0.0
2026-09-26T08:54:31Z,700.1,54148.3,241.9,,,0.0,0.0,,,,,,0.0
2026-09-26T08:54:36Z,705.1,54148.3,241.5,,,0.0,0.0,,,,,,0.0
2026-09-26T08:54:41Z,710.1,54148.3,239.6,,,0.0,0.0,,,,,,0.0
2026-09-26T08:54:46Z,715.1,54148.3,232.8,,,0.0,0.0,,,,,,0.0
2026-09-26T08:54:51Z,720.1,54148.3,239.6,,,0.0,0.0,,,,,,0.0
2026-09-26T08:54:56Z,725.1,54148.3,260.7,,,0.0,0.0,,,,,,0.0
2026-09-26T08:55:01Z,730.1,54148.3,216.6,,,0.0,0.0,,,,,,0.0
2026-09-26T08:55:06Z,735.1,54148.3,203.5,,,0.0,0.0,,,,,,0.0
2026-09-26T08:55:11Z,740.1,54148.3,200.8,,,0.0,0.0,,,,,,0.0
2026-09-26T08:55:16Z,745.1,54148.3,201.0,,,0.0,0.0,,,,,,0.0
2026-09-26T08:55:21Z,750.1,54148.3,240.6,,,0.0,0.0,,,,,,0.0
2026-09-26T08:55:26Z,755.1,54148.3,241.6,,,0.0,0.0,,,,,,0.0
2026-09-26T08:55:31Z,760.1,54148.3,275.5,,,0.0,0.0,,,,,,0.0
2026-09-26T08:55:36Z,765.1,54148.3,274.2,,,0.0,0.0,,,,,,0.0
2026-09-26T08:55:41Z,770.1,54148.3,279.9,,,0.0,0.0,,,,,,0.0
2026-09-26T08:55:46Z,775.1,54148.3,277.6,,,0.0,0.0,,,,,,0.0
2026-09-26T08:55:51Z,780.1,54148.3,296.7,,,0.0,0.0,,,,,,0.0
2026-09-26T08:55:56Z,785.1,54148.3,284.4,,,0.0,0.0,,,,,,0.0
2026-09-26T08:56:01Z,790.1,54148.3,259.6,,,0.0,0.0,,,,,,0.0
2026-09-26T08:56:06Z,795.1,54148.3,258.7,,,0.0,0.0,,,,,,0.0
2026-09-26T08:56:11Z,800.1,54148.3,305.7,,,0.0,0.0,,,,,,0.0
2026-09-26T08:56:16Z,805.1,54148.3,287.8,,,0.0,0.0,,,,,,0.0
2026-09-26T08:56:21Z,810.1,54148.3,224.3,,,0.0,0.0,,,,,,0.0
2026-09-26T08:56:26Z,815.1,54148.3,276.9,,,0.0,0.0,,,,,,0.0
2026-09-26T08:56:31Z,820.1,54148.3,293.4,,,0.0,0.0,,,,,,0.0
2026-09-26T08:56:36Z,825.1,54148.3,300.4,,,0.0,0.0,,,,,,0.0
2026-09-26T08:56:41Z,830.1,54148.3,286.8,,,0.0,0.0,,,,,,0.0
2026-09-26T08:56:46Z,835.1,54148.3,292.6,,,0.0,0.0,,,,,,0.0
2026-09-26T08:56:51Z,840.1,54148.3,320.5,,,0.0,0.0,,,,,,0.0
2026-09-26T08:56:56Z,845.1,54148.3,319.0,,,0.0,0.0,,,,,,0.0
2026-09-26T08:57:01Z,850.1,54148.3,309.9,,,0.0,0.0,,,,,,0.0
2026-09-26T08:57:06Z,855.1,54148.3,309.9,,,0.0,0.0,,,,,,0.0
2026-09-26T08:57:11Z,860.1,54148.3,317.3,,,0.0,0.0,,,,,,0.0
2026-09-26T08:57:16Z,865.1,54148.3,316.9,,,0.0,0.0,,,,,,0.0
2026-09-26T08:57:21Z,870.1,54148.3,304.5,,,0.0,0.0,,,,,,0.0
2026-09-26T08:57:26Z,875.1,54148.3,296.0,,,0.0,0.0,,,,,,0.0
2026-09-26T08:57:31Z,880.1,54148.3,295.3,,,0.0,0.0,,,,,,0.0
2026-09-26T08:57:36Z,885.1,54148.3,542.0,,,0.0,0.0,,,,,,0.0
2026-09-26T08:57:41Z,890.1,54148.3,334.1,,,0.0,0.0,,,,,,0.0
2026-09-26T08:57:46Z,895.1,54148.3,513.4,,,0.0,0.0,,,,,,0.0
2026-09-26T08:57:51Z,900.1,54148.3,608.8,,,0.0,0.0,,,,,,0.0
2026-09-26T08:57:56Z,905.1,54148.3,626.7,,,0.0,0.0,,,,,,0.0
2026-09-26T08:58:01Z,910.1,54148.3,572.9,,,0.0,0.0,,,,,,0.0
2026-09-26T08:58:06Z,915.1,54148.3,550.6,,,0.0,0.0,,,,,,0.0
2026-09-26T08:58:11Z,920.1,54148.3,528.9,,,0.0,0.0,,,,,,0.0
2026-09-26T08:58:16Z,925.1,54148.3,529.4,,,0.0,0.0,,,,,,0.0
2026-09-26T08:58:21Z,930.1,54148.3,500.1,,,0.0,0.0,,,,,,0.0
2026-09-26T08:58:26Z,935.1,54148.3,489.9,,,0.0,0.0,,,,,,0.0
2026-09-26T08:58:31Z,940.1,54148.3,490.0,,,0.0,0.0,,,,,,0.0
2026-09-26T08:58:36Z,945.2,54148.3,485.4,,,0.0,0.0,,,,,,0.0
2026-09-26T08:58:41Z,950.2,54148.3,479.2,,,0.0,0.0,,,,,,0.0
2026-09-26T08:58:46Z,955.2,54148.3,474.4,,,0.0,0.0,,,,,,0.0
2026-09-26T08:58:51Z,960.2,54148.3,469.8,,,0.0,0.0,,,,,,0.0
2026-09-26T08:58:56Z,965.2,54148.3,467.4,,,0.0,0.0,,,,,,0.0
2026-09-26T08:59:01Z,970.2,54148.3,460.9,,,0.0,0.0,,,,,,0.0
2026-09-26T08:59:06Z,975.2,54148.3,427.9,,,0.0,0.0,,,,,,0.0
2026-09-26T08:59:11Z,980.2,54148.3,435.0,,,0.0,0.0,,,,,,0.0
2026-09-26T08:59:16Z,985.2,54148.3,477.1,,,0.0,0.0,,,,,,0.0
2026-09-26T08:59:21Z,990.2,54148.3,356.9,,,0.0,0.0,,,,,,0.0
2026-09-26T08:59:26Z,995.2,54148.3,645.5,,,0.0,0.0,,,,,,0.0
2026-09-26T08:59:31Z,1000.2,54148.3,608.7,,,0.0,0.0,,,,,,0.0
2026-09-26T08:59:36Z,1005.2,54148.3,576.0,,,0.0,0.0,,,,,,0.0
2026-09-26T08:59:41Z,1010.2,54148.3,538.9,,,0.0,0.0,,,,,,0.0
2026-09-26T08:59:46Z,1015.2,54148.3,540.5,,,0.0,0.0,,,,,,0.0
2026-09-26T08:59:51Z,1020.2,54148.3,515.8,,,0.0,0.0,,,,,,0.0
2026-09-26T08:59:56Z,1025.2,54148.3,515.6,,,0.0,0.0,,,,,,0.0
2026-09-26T09:00:01Z,1030.2,54148.3,488.0,,,0.0,0.0,,,,,,0.0
2026-09-26T09:00:06Z,1035.2,54148.3,486.6,,,0.0,0.0,,,,,,0.0
2026-09-26T09:00:11Z,1040.2,54148.3,489.0,,,0.0,0.0,,,,,,0.0
2026-09-26T09:00:16Z,1045.2,54148.3,476.2,,,0.0,0.0,,,,,,0.0
2026-09-26T09:00:21Z,1050.2,54148.3,463.1,,,0.0,0.0,,,,,,0.0
2026-09-26T09:00:26Z,1055.2,54148.3,459.2,,,0.0,0.0,,,,,,0.0
2026-09-26T09:00:31Z,1060.2,54148.3,459.4,,,0.0,0.0,,,,,,0.0
2026-09-26T09:00:36Z,1065.2,54148.3,459.6,,,0.0,0.0,,,,,,0.0
2026-09-26T09:00:41Z,1070.2,54148.3,644.2,,,0.0,0.0,,,,,,0.0
2026-09-26T09:00:46Z,1075.2,54148.3,547.3,,,0.0,0.0,,,,,,0.0
2026-09-26T09:00:51Z,1080.2,54148.3,321.7,,,0.0,0.0,,,,,,0.0
2026-09-26T09:00:56Z,1085.2,54148.3,492.1,,,0.0,0.0,,,,,,0.0
2026-09-26T09:01:01Z,1090.2,54148.3,683.3,,,0.0,0.0,,,,,,0.0
2026-09-26T09:01:06Z,1095.2,54148.3,623.4,,,0.0,0.0,,,,,,0.0
2026-09-26T09:01:11Z,1100.2,54148.3,569.5,,,0.0,0.0,,,,,,0.0
2026-09-26T09:01:16Z,1105.2,54148.3,552.7,,,0.0,0.0,,,,,,0.0
2026-09-26T09:01:21Z,1110.2,54148.3,511.9,,,0.0,0.0,,,,,,0.0
2026-09-26T09:01:26Z,1115.2,54148.3,505.5,,,0.0,0.0,,,,,,0.0
2026-09-26T09:01:31Z,1120.2,54148.3,491.3,,,0.0,0.0,,,,,,0.0
2026-09-26T09:01:36Z,1125.2,54148.3,484.3,,,0.0,0.0,,,,,,0.0
2026-09-26T09:01:41Z,1130.2,54148.3,481.3,,,0.0,0.0,,,,,,0.0
2026-09-26T09:01:46Z,1135.2,54148.3,480.7,,,0.0,0.0,,,,,,0.0
2026-09-26T09:01:51Z,1140.2,54148.3,485.4,,,0.0,0.0,,,,,,0.0
2026-09-26T09:01:56Z,1145.2,54148.3,475.7,,,0.0,0.0,,,,,,0.0
2026-09-26T09:02:01Z,1150.2,54148.3,462.0,,,0.0,0.0,,,,,,0.0
2026-09-26T09:02:06Z,1155.2,54148.3,451.4,,,0.0,0.0,,,,,,0.0
2026-09-26T09:02:11Z,1160.2,54148.3,445.7,,,0.0,0.0,,,,,,0.0
2026-09-26T09:02:16Z,1165.2,54148.3,628.2,,,0.0,0.0,,,,,,0.0
2026-09-26T09:02:21Z,1170.3,54148.3,415.9,,,0.0,0.0,,,,,,0.0
2026-09-26T09:02:26Z,1175.3,54148.3,515.6,,,0.0,0.0,,,,,,0.0
2026-09-26T09:02:31Z,1180.3,54148.3,564.4,,,0.0,0.0,,,,,,0.0
2026-09-26T09:02:36Z,1185.3,54148.3,630.1,,,0.0,0.0,,,,,,0.0
2026-09-26T09:02:41Z,1190.3,54148.3,599.2,,,0.0,0.0,,,,,,0.0
2026-09-26T09:02:46Z,1195.3,54148.3,578.9,,,0.0,0.0,,,,,,0.0
2026-09-26T09:02:51Z,1200.3,54148.3,535.7,,,0.0,0.0,,,,,,0.0
2026-09-26T09:02:56Z,1205.3,54148.3,535.9,,,0.0,0.0,,,,,,0.0
2026-09-26T09:03:01Z,1210.3,54148.3,536.7,,,0.0,0.0,,,,,,0.0
2026-09-26T09:03:06Z,1215.3,54148.3,526.8,,,0.0,0.0,,,,,,0.0
2026-09-26T09:03:11Z,1220.3,54148.3,511.5,,,0.0,0.0,,,,,,0.0
2026-09-26T09:03:16Z,1225.3,54148.3,512.2,,,0.0,0.0,,,,,,0.0
2026-09-26T09:03:21Z,1230.3,54148.3,501.5,,,0.0,0.0,,,,,,0.0
2026-09-26T09:03:26Z,1235.3,54148.3,506.0,,,0.0,0.0,,,,,,0.0
2026-09-26T09:03:31Z,1240.3,54148.3,484.9,,,0.0,0.0,,,,,,0.0
2026-09-26T09:03:36Z,1245.3,54148.3,485.9,,,0.0,0.0,,,,,,0.0
2026-09-26T09:03:41Z,1250.3,54148.3,481.3,,,0.0,0.0,,,,,,0.0
2026-09-26T09:03:46Z,1255.3,54148.3,481.9,,,0.0,0.0,,,,,,0.0
2026-09-26T09:03:51Z,1260.3,54148.3,636.9,,,0.0,0.0,,,,,,0.0
2026-09-26T09:03:56Z,1265.3,54148.3,418.4,,,0.0,0.0,,,,,,0.0
2026-09-26T09:04:01Z,1270.3,54148.3,548.2,,,0.0,0.0,,,,,,0.0
2026-09-26T09:04:06Z,1275.3,54148.3,627.5,,,0.0,0.0,,,,,,0.0
2026-09-26T09:04:11Z,1280.3,54148.3,624.1,,,0.0,0.0,,,,,,0.0
2026-09-26T09:04:16Z,1285.3,54148.3,578.6,,,0.0,0.0,,,,,,0.0
2026-09-26T09:04:21Z,1290.3,54148.3,529.9,,,0.0,0.0,,,,,,0.0
2026-09-26T09:04:26Z,1295.3,54148.3,531.2,,,0.0,0.0,,,,,,0.0
2026-09-26T09:04:31Z,1300.3,54148.3,522.2,,,0.0,0.0,,,,,,0.0
2026-09-26T09:04:37Z,1305.3,54148.3,511.3,,,0.0,0.0,,,,,,0.0
2026-09-26T09:04:42Z,1310.3,54148.3,506.3,,,0.0,0.0,,,,,,0.0
2026-09-26T09:04:47Z,1315.3,54148.3,508.1,,,0.0,0.0,,,,,,0.0
2026-09-26T09:04:52Z,1320.3,54148.3,504.7,,,0.0,0.0,,,,,,0.0
2026-09-26T09:04:57Z,1325.3,54148.3,505.2,,,0.0,0.0,,,,,,0.0
2026-09-26T09:05:02Z,1330.3,54148.3,489.3,,,0.0,0.0,,,,,,0.0
2026-09-26T09:05:07Z,1335.3,54148.3,7301.3,,,0.0,0.0,,,,,,0.0
