SeLockMemoryPrivilege: ENABLED -- SeLockMemoryPrivilege enabled on this process's token
AWE chunk: requested 524288 pages, got 524288. held_mb=2048.0 avail_mb=61169.5
AWE chunk: requested 524288 pages, got 524288. held_mb=4096.0 avail_mb=59129.9
AWE chunk: requested 524288 pages, got 524288. held_mb=6144.0 avail_mb=57076.9
AWE chunk: requested 524288 pages, got 524288. held_mb=8192.0 avail_mb=55024.2
AWE chunk: requested 524288 pages, got 524288. held_mb=10240.0 avail_mb=52967.2
AWE chunk: requested 524288 pages, got 524288. held_mb=12288.0 avail_mb=50911.2
AWE chunk: requested 524288 pages, got 524288. held_mb=14336.0 avail_mb=48858.6
AWE chunk: requested 524288 pages, got 524288. held_mb=16384.0 avail_mb=46806.7
AWE chunk: requested 524288 pages, got 524288. held_mb=18432.0 avail_mb=44754.1
AWE chunk: requested 524288 pages, got 524288. held_mb=20480.0 avail_mb=42703.9
AWE chunk: requested 524288 pages, got 524288. held_mb=22528.0 avail_mb=40652.1
AWE chunk: requested 524288 pages, got 524288. held_mb=24576.0 avail_mb=38599.5
AWE chunk: requested 524288 pages, got 524288. held_mb=26624.0 avail_mb=36545.3
AWE chunk: requested 524288 pages, got 524288. held_mb=28672.0 avail_mb=34493.0
AWE chunk: requested 524288 pages, got 524288. held_mb=30720.0 avail_mb=32440.9
AWE chunk: requested 524288 pages, got 524288. held_mb=32768.0 avail_mb=30386.5
AWE chunk: requested 524288 pages, got 524288. held_mb=34816.0 avail_mb=28334.6
AWE chunk: requested 524288 pages, got 524288. held_mb=36864.0 avail_mb=26281.9
AWE chunk: requested 273113 pages, got 273113. held_mb=37930.8 avail_mb=24225.8
TARGET REACHED (or best effort). mechanism=AWE held_mb=37930.8 available_mb=23160.1 target_available_mb=23158.97
2026-09-30T22:16:55Z,0.0,37930.8,23160.0,,,0.0,0.0,,,,,,0.0
2026-09-30T22:17:00Z,5.0,37930.8,9857.0,,,0.0,0.0,,,,,,0.0
2026-09-30T22:17:05Z,10.0,37930.8,12048.8,,,0.0,0.0,,,,,,0.0
2026-09-30T22:17:10Z,15.0,37930.8,3714.8,,,0.0,0.0,,,,,,0.0
2026-09-30T22:17:15Z,20.0,37930.8,2088.4,,,0.0,0.0,,,,,,0.0
2026-09-30T22:17:20Z,25.0,37930.8,403.9,,,0.0,0.0,,,,,,0.0
2026-09-30T22:17:25Z,30.0,37930.8,567.1,,,0.0,0.0,,,,,,0.0
2026-09-30T22:17:30Z,35.0,37930.8,373.9,,,0.0,0.0,,,,,,0.0
2026-09-30T22:17:35Z,40.0,37930.8,220.9,,,0.0,0.0,,,,,,0.0
2026-09-30T22:17:40Z,45.0,37930.8,174.8,,,0.0,0.0,,,,,,0.0
2026-09-30T22:17:45Z,50.0,37930.8,175.0,,,0.0,0.0,,,,,,0.0
2026-09-30T22:17:50Z,55.0,37930.8,165.2,,,0.0,0.0,,,,,,0.0
2026-09-30T22:17:55Z,60.0,37930.8,175.0,,,0.0,0.0,,,,,,0.0
2026-09-30T22:18:00Z,65.0,37930.8,174.9,,,0.0,0.0,,,,,,0.0
2026-09-30T22:18:05Z,70.0,37930.8,175.0,,,0.0,0.0,,,,,,0.0
2026-09-30T22:18:10Z,75.0,37930.8,175.0,,,0.0,0.0,,,,,,0.0
2026-09-30T22:18:15Z,80.0,37930.8,85.0,,,0.0,0.0,,,,,,0.0
2026-09-30T22:18:20Z,85.0,37930.8,219.5,,,0.0,0.0,,,,,,0.0
2026-09-30T22:18:25Z,90.0,37930.8,212.7,,,0.0,0.0,,,,,,0.0
2026-09-30T22:18:30Z,95.0,37930.8,289.7,,,0.0,0.0,,,,,,0.0
2026-09-30T22:18:35Z,100.0,37930.8,180.9,,,0.0,0.0,,,,,,0.0
2026-09-30T22:18:40Z,105.0,37930.8,555.4,,,0.0,0.0,,,,,,0.0
2026-09-30T22:18:45Z,110.0,37930.8,491.1,,,0.0,0.0,,,,,,0.0
2026-09-30T22:18:50Z,115.0,37930.8,533.4,,,0.0,0.0,,,,,,0.0
2026-09-30T22:18:55Z,120.0,37930.8,494.9,,,0.0,0.0,,,,,,0.0
2026-09-30T22:19:00Z,125.0,37930.8,545.0,,,0.0,0.0,,,,,,0.0
2026-09-30T22:19:05Z,130.0,37930.8,520.6,,,0.0,0.0,,,,,,0.0
2026-09-30T22:19:10Z,135.0,37930.8,485.4,,,0.0,0.0,,,,,,0.0
2026-09-30T22:19:15Z,140.0,37930.8,533.1,,,0.0,0.0,,,,,,0.0
2026-09-30T22:19:20Z,145.0,37930.8,579.6,,,0.0,0.0,,,,,,0.0
2026-09-30T22:19:25Z,150.0,37930.8,524.0,,,0.0,0.0,,,,,,0.0
2026-09-30T22:19:30Z,155.0,37930.8,451.5,,,0.0,0.0,,,,,,0.0
2026-09-30T22:19:35Z,160.0,37930.8,524.6,,,0.0,0.0,,,,,,0.0
2026-09-30T22:19:40Z,165.0,37930.8,550.8,,,0.0,0.0,,,,,,0.0
2026-09-30T22:19:45Z,170.0,37930.8,514.7,,,0.0,0.0,,,,,,0.0
2026-09-30T22:19:50Z,175.0,37930.8,422.4,,,0.0,0.0,,,,,,0.0
2026-09-30T22:19:55Z,180.0,37930.8,503.2,,,0.0,0.0,,,,,,0.0
2026-09-30T22:20:00Z,185.0,37930.8,526.1,,,0.0,0.0,,,,,,0.0
2026-09-30T22:20:05Z,190.1,37930.8,559.5,,,0.0,0.0,,,,,,0.0
2026-09-30T22:20:10Z,195.1,37930.8,479.2,,,0.0,0.0,,,,,,0.0
2026-09-30T22:20:15Z,200.1,37930.8,445.3,,,0.0,0.0,,,,,,0.0
2026-09-30T22:20:20Z,205.1,37930.8,422.1,,,0.0,0.0,,,,,,0.0
2026-09-30T22:20:25Z,210.1,37930.8,432.9,,,0.0,0.0,,,,,,0.0
2026-09-30T22:20:30Z,215.1,37930.8,519.9,,,0.0,0.0,,,,,,0.0
2026-09-30T22:20:35Z,220.1,37930.8,488.7,,,0.0,0.0,,,,,,0.0
2026-09-30T22:20:40Z,225.1,37930.8,463.2,,,0.0,0.0,,,,,,0.0
2026-09-30T22:20:45Z,230.1,37930.8,381.9,,,0.0,0.0,,,,,,0.0
2026-09-30T22:20:50Z,235.1,37930.8,440.0,,,0.0,0.0,,,,,,0.0
2026-09-30T22:20:55Z,240.1,37930.8,479.8,,,0.0,0.0,,,,,,0.0
2026-09-30T22:21:00Z,245.1,37930.8,410.8,,,0.0,0.0,,,,,,0.0
2026-09-30T22:21:05Z,250.1,37930.8,323.3,,,0.0,0.0,,,,,,0.0
2026-09-30T22:21:10Z,255.1,37930.8,472.3,,,0.0,0.0,,,,,,0.0
2026-09-30T22:21:15Z,260.1,37930.8,365.2,,,0.0,0.0,,,,,,0.0
2026-09-30T22:21:20Z,265.1,37930.8,431.5,,,0.0,0.0,,,,,,0.0
2026-09-30T22:21:25Z,270.1,37930.8,374.8,,,0.0,0.0,,,,,,0.0
2026-09-30T22:21:30Z,275.1,37930.8,471.4,,,0.0,0.0,,,,,,0.0
2026-09-30T22:21:35Z,280.1,37930.8,483.7,,,0.0,0.0,,,,,,0.0
2026-09-30T22:21:40Z,285.1,37930.8,382.5,,,0.0,0.0,,,,,,0.0
2026-09-30T22:21:45Z,290.1,37930.8,413.1,,,0.0,0.0,,,,,,0.0
2026-09-30T22:21:50Z,295.1,37930.8,306.8,,,0.0,0.0,,,,,,0.0
2026-09-30T22:21:55Z,300.1,37930.8,461.1,,,0.0,0.0,,,,,,0.0
2026-09-30T22:22:00Z,305.1,37930.8,326.9,,,0.0,0.0,,,,,,0.0
2026-09-30T22:22:05Z,310.1,37930.8,489.2,,,0.0,0.0,,,,,,0.0
2026-09-30T22:22:10Z,315.1,37930.8,279.9,,,0.0,0.0,,,,,,0.0
2026-09-30T22:22:15Z,320.1,37930.8,476.9,,,0.0,0.0,,,,,,0.0
2026-09-30T22:22:20Z,325.1,37930.8,413.2,,,0.0,0.0,,,,,,0.0
2026-09-30T22:22:25Z,330.1,37930.8,494.8,,,0.0,0.0,,,,,,0.0
2026-09-30T22:22:30Z,335.1,37930.8,461.6,,,0.0,0.0,,,,,,0.0
2026-09-30T22:22:35Z,340.1,37930.8,462.0,,,0.0,0.0,,,,,,0.0
2026-09-30T22:22:40Z,345.1,37930.8,279.9,,,0.0,0.0,,,,,,0.0
2026-09-30T22:22:45Z,350.1,37930.8,465.8,,,0.0,0.0,,,,,,0.0
2026-09-30T22:22:50Z,355.1,37930.8,362.9,,,0.0,0.0,,,,,,0.0
2026-09-30T22:22:55Z,360.1,37930.8,433.0,,,0.0,0.0,,,,,,0.0
2026-09-30T22:23:00Z,365.1,37930.8,419.6,,,0.0,0.0,,,,,,0.0
2026-09-30T22:23:05Z,370.1,37930.8,443.9,,,0.0,0.0,,,,,,0.0
2026-09-30T22:23:10Z,375.1,37930.8,563.1,,,0.0,0.0,,,,,,0.0
2026-09-30T22:23:15Z,380.1,37930.8,380.8,,,0.0,0.0,,,,,,0.0
2026-09-30T22:23:20Z,385.1,37930.8,481.0,,,0.0,0.0,,,,,,0.0
2026-09-30T22:23:25Z,390.1,37930.8,472.4,,,0.0,0.0,,,,,,0.0
2026-09-30T22:23:30Z,395.1,37930.8,375.6,,,0.0,0.0,,,,,,0.0
2026-09-30T22:23:35Z,400.1,37930.8,401.1,,,0.0,0.0,,,,,,0.0
2026-09-30T22:23:40Z,405.1,37930.8,445.3,,,0.0,0.0,,,,,,0.0
2026-09-30T22:23:45Z,410.1,37930.8,403.8,,,0.0,0.0,,,,,,0.0
2026-09-30T22:23:50Z,415.1,37930.8,379.0,,,0.0,0.0,,,,,,0.0
2026-09-30T22:23:55Z,420.1,37930.8,378.0,,,0.0,0.0,,,,,,0.0
2026-09-30T22:24:00Z,425.2,37930.8,499.5,,,0.0,0.0,,,,,,0.0
2026-09-30T22:24:05Z,430.2,37930.8,523.6,,,0.0,0.0,,,,,,0.0
2026-09-30T22:24:10Z,435.2,37930.8,549.2,,,0.0,0.0,,,,,,0.0
2026-09-30T22:24:15Z,440.2,37930.8,438.3,,,0.0,0.0,,,,,,0.0
2026-09-30T22:24:20Z,445.2,37930.8,590.4,,,0.0,0.0,,,,,,0.0
2026-09-30T22:24:25Z,450.2,37930.8,464.8,,,0.0,0.0,,,,,,0.0
2026-09-30T22:24:30Z,455.2,37930.8,461.0,,,0.0,0.0,,,,,,0.0
2026-09-30T22:24:35Z,460.2,37930.8,441.2,,,0.0,0.0,,,,,,0.0
2026-09-30T22:24:40Z,465.2,37930.8,521.4,,,0.0,0.0,,,,,,0.0
2026-09-30T22:24:45Z,470.2,37930.8,452.3,,,0.0,0.0,,,,,,0.0
2026-09-30T22:24:50Z,475.2,37930.8,401.0,,,0.0,0.0,,,,,,0.0
2026-09-30T22:24:55Z,480.2,37930.8,465.2,,,0.0,0.0,,,,,,0.0
2026-09-30T22:25:00Z,485.2,37930.8,402.7,,,0.0,0.0,,,,,,0.0
2026-09-30T22:25:05Z,490.2,37930.8,540.7,,,0.0,0.0,,,,,,0.0
2026-09-30T22:25:10Z,495.2,37930.8,372.7,,,0.0,0.0,,,,,,0.0
2026-09-30T22:25:15Z,500.2,37930.8,498.3,,,0.0,0.0,,,,,,0.0
2026-09-30T22:25:20Z,505.2,37930.8,502.1,,,0.0,0.0,,,,,,0.0
2026-09-30T22:25:25Z,510.2,37930.8,370.0,,,0.0,0.0,,,,,,0.0
2026-09-30T22:25:30Z,515.2,37930.8,382.3,,,0.0,0.0,,,,,,0.0
2026-09-30T22:25:35Z,520.2,37930.8,466.6,,,0.0,0.0,,,,,,0.0
2026-09-30T22:25:40Z,525.2,37930.8,523.4,,,0.0,0.0,,,,,,0.0
2026-09-30T22:25:45Z,530.2,37930.8,346.0,,,0.0,0.0,,,,,,0.0
2026-09-30T22:25:50Z,535.2,37930.8,515.2,,,0.0,0.0,,,,,,0.0
2026-09-30T22:25:55Z,540.2,37930.8,295.9,,,0.0,0.0,,,,,,0.0
2026-09-30T22:26:00Z,545.2,37930.8,574.0,,,0.0,0.0,,,,,,0.0
2026-09-30T22:26:05Z,550.2,37930.8,346.1,,,0.0,0.0,,,,,,0.0
2026-09-30T22:26:10Z,555.2,37930.8,487.1,,,0.0,0.0,,,,,,0.0
2026-09-30T22:26:15Z,560.2,37930.8,380.3,,,0.0,0.0,,,,,,0.0
2026-09-30T22:26:20Z,565.2,37930.8,427.2,,,0.0,0.0,,,,,,0.0
2026-09-30T22:26:25Z,570.2,37930.8,384.4,,,0.0,0.0,,,,,,0.0
2026-09-30T22:26:30Z,575.2,37930.8,460.5,,,0.0,0.0,,,,,,0.0
2026-09-30T22:26:35Z,580.2,37930.8,381.1,,,0.0,0.0,,,,,,0.0
2026-09-30T22:26:40Z,585.2,37930.8,433.7,,,0.0,0.0,,,,,,0.0
2026-09-30T22:26:45Z,590.2,37930.8,478.1,,,0.0,0.0,,,,,,0.0
2026-09-30T22:26:50Z,595.2,37930.8,467.2,,,0.0,0.0,,,,,,0.0
2026-09-30T22:26:55Z,600.2,37930.8,576.4,,,0.0,0.0,,,,,,0.0
2026-09-30T22:27:00Z,605.2,37930.8,498.0,,,0.0,0.0,,,,,,0.0
2026-09-30T22:27:05Z,610.2,37930.8,396.4,,,0.0,0.0,,,,,,0.0
2026-09-30T22:27:10Z,615.2,37930.8,505.5,,,0.0,0.0,,,,,,0.0
2026-09-30T22:27:15Z,620.2,37930.8,529.5,,,0.0,0.0,,,,,,0.0
2026-09-30T22:27:20Z,625.2,37930.8,494.5,,,0.0,0.0,,,,,,0.0
2026-09-30T22:27:25Z,630.2,37930.8,433.4,,,0.0,0.0,,,,,,0.0
2026-09-30T22:27:30Z,635.2,37930.8,479.6,,,0.0,0.0,,,,,,0.0
2026-09-30T22:27:35Z,640.2,37930.8,465.8,,,0.0,0.0,,,,,,0.0
2026-09-30T22:27:40Z,645.2,37930.8,582.9,,,0.0,0.0,,,,,,0.0
2026-09-30T22:27:45Z,650.2,37930.8,527.8,,,0.0,0.0,,,,,,0.0
2026-09-30T22:27:50Z,655.2,37930.8,469.5,,,0.0,0.0,,,,,,0.0
2026-09-30T22:27:55Z,660.2,37930.8,471.9,,,0.0,0.0,,,,,,0.0
2026-09-30T22:28:00Z,665.2,37930.8,370.2,,,0.0,0.0,,,,,,0.0
2026-09-30T22:28:05Z,670.2,37930.8,499.7,,,0.0,0.0,,,,,,0.0
2026-09-30T22:28:10Z,675.2,37930.8,464.5,,,0.0,0.0,,,,,,0.0
2026-09-30T22:28:15Z,680.2,37930.8,404.9,,,0.0,0.0,,,,,,0.0
2026-09-30T22:28:20Z,685.2,37930.8,277.4,,,0.0,0.0,,,,,,0.0
2026-09-30T22:28:25Z,690.2,37930.8,508.8,,,0.0,0.0,,,,,,0.0
2026-09-30T22:28:30Z,695.2,37930.8,533.7,,,0.0,0.0,,,,,,0.0
2026-09-30T22:28:35Z,700.2,37930.8,548.2,,,0.0,0.0,,,,,,0.0
2026-09-30T22:28:40Z,705.2,37930.8,420.6,,,0.0,0.0,,,,,,0.0
2026-09-30T22:28:45Z,710.2,37930.8,448.1,,,0.0,0.0,,,,,,0.0
2026-09-30T22:28:50Z,715.3,37930.8,539.2,,,0.0,0.0,,,,,,0.0
2026-09-30T22:28:55Z,720.3,37930.8,470.9,,,0.0,0.0,,,,,,0.0
2026-09-30T22:29:00Z,725.3,37930.8,409.6,,,0.0,0.0,,,,,,0.0
2026-09-30T22:29:05Z,730.3,37930.8,461.1,,,0.0,0.0,,,,,,0.0
2026-09-30T22:29:10Z,735.3,37930.8,405.1,,,0.0,0.0,,,,,,0.0
2026-09-30T22:29:15Z,740.3,37930.8,367.6,,,0.0,0.0,,,,,,0.0
2026-09-30T22:29:20Z,745.3,37930.8,401.8,,,0.0,0.0,,,,,,0.0
2026-09-30T22:29:25Z,750.3,37930.8,550.8,,,0.0,0.0,,,,,,0.0
2026-09-30T22:29:30Z,755.3,37930.8,299.8,,,0.0,0.0,,,,,,0.0
2026-09-30T22:29:35Z,760.3,37930.8,527.1,,,0.0,0.0,,,,,,0.0
2026-09-30T22:29:40Z,765.3,37930.8,449.9,,,0.0,0.0,,,,,,0.0
2026-09-30T22:29:45Z,770.3,37930.8,472.8,,,0.0,0.0,,,,,,0.0
2026-09-30T22:29:50Z,775.3,37930.8,454.5,,,0.0,0.0,,,,,,0.0
2026-09-30T22:29:55Z,780.3,37930.8,444.9,,,0.0,0.0,,,,,,0.0
2026-09-30T22:30:00Z,785.3,37930.8,358.2,,,0.0,0.0,,,,,,0.0
2026-09-30T22:30:05Z,790.3,37930.8,490.4,,,0.0,0.0,,,,,,0.0
2026-09-30T22:30:10Z,795.3,37930.8,511.5,,,0.0,0.0,,,,,,0.0
2026-09-30T22:30:15Z,800.3,37930.8,475.2,,,0.0,0.0,,,,,,0.0
2026-09-30T22:30:20Z,805.3,37930.8,542.4,,,0.0,0.0,,,,,,0.0
2026-09-30T22:30:25Z,810.3,37930.8,468.6,,,0.0,0.0,,,,,,0.0
2026-09-30T22:30:30Z,815.3,37930.8,475.6,,,0.0,0.0,,,,,,0.0
2026-09-30T22:30:35Z,820.3,37930.8,479.7,,,0.0,0.0,,,,,,0.0
2026-09-30T22:30:40Z,825.3,37930.8,337.1,,,0.0,0.0,,,,,,0.0
2026-09-30T22:30:45Z,830.3,37930.8,438.8,,,0.0,0.0,,,,,,0.0
2026-09-30T22:30:50Z,835.3,37930.8,306.2,,,0.0,0.0,,,,,,0.0
2026-09-30T22:30:55Z,840.3,37930.8,584.6,,,0.0,0.0,,,,,,0.0
2026-09-30T22:31:00Z,845.3,37930.8,441.5,,,0.0,0.0,,,,,,0.0
2026-09-30T22:31:05Z,850.3,37930.8,427.0,,,0.0,0.0,,,,,,0.0
2026-09-30T22:31:10Z,855.3,37930.8,361.3,,,0.0,0.0,,,,,,0.0
2026-09-30T22:31:15Z,860.3,37930.8,542.1,,,0.0,0.0,,,,,,0.0
2026-09-30T22:31:20Z,865.3,37930.8,616.2,,,0.0,0.0,,,,,,0.0
2026-09-30T22:31:25Z,870.3,37930.8,578.6,,,0.0,0.0,,,,,,0.0
2026-09-30T22:31:30Z,875.3,37930.8,431.9,,,0.0,0.0,,,,,,0.0
2026-09-30T22:31:35Z,880.3,37930.8,492.3,,,0.0,0.0,,,,,,0.0
2026-09-30T22:31:40Z,885.3,37930.8,561.1,,,0.0,0.0,,,,,,0.0
2026-09-30T22:31:45Z,890.3,37930.8,532.7,,,0.0,0.0,,,,,,0.0
2026-09-30T22:31:50Z,895.3,37930.8,466.0,,,0.0,0.0,,,,,,0.0
2026-09-30T22:31:55Z,900.3,37930.8,494.3,,,0.0,0.0,,,,,,0.0
2026-09-30T22:32:00Z,905.3,37930.8,483.2,,,0.0,0.0,,,,,,0.0
2026-09-30T22:32:05Z,910.3,37930.8,405.0,,,0.0,0.0,,,,,,0.0
2026-09-30T22:32:10Z,915.3,37930.8,482.9,,,0.0,0.0,,,,,,0.0
2026-09-30T22:32:15Z,920.3,37930.8,595.2,,,0.0,0.0,,,,,,0.0
2026-09-30T22:32:20Z,925.3,37930.8,450.5,,,0.0,0.0,,,,,,0.0
2026-09-30T22:32:25Z,930.3,37930.8,561.6,,,0.0,0.0,,,,,,0.0
2026-09-30T22:32:30Z,935.3,37930.8,612.6,,,0.0,0.0,,,,,,0.0
2026-09-30T22:32:35Z,940.3,37930.8,484.6,,,0.0,0.0,,,,,,0.0
2026-09-30T22:32:40Z,945.3,37930.8,451.0,,,0.0,0.0,,,,,,0.0
2026-09-30T22:32:45Z,950.3,37930.8,544.8,,,0.0,0.0,,,,,,0.0
2026-09-30T22:32:50Z,955.3,37930.8,483.2,,,0.0,0.0,,,,,,0.0
2026-09-30T22:32:55Z,960.3,37930.8,483.5,,,0.0,0.0,,,,,,0.0
2026-09-30T22:33:00Z,965.3,37930.8,550.7,,,0.0,0.0,,,,,,0.0
2026-09-30T22:33:05Z,970.3,37930.8,528.7,,,0.0,0.0,,,,,,0.0
2026-09-30T22:33:10Z,975.3,37930.8,632.4,,,0.0,0.0,,,,,,0.0
2026-09-30T22:33:15Z,980.3,37930.8,622.2,,,0.0,0.0,,,,,,0.0
2026-09-30T22:33:20Z,985.3,37930.8,564.7,,,0.0,0.0,,,,,,0.0
2026-09-30T22:33:25Z,990.3,37930.8,559.6,,,0.0,0.0,,,,,,0.0
2026-09-30T22:33:30Z,995.3,37930.8,633.4,,,0.0,0.0,,,,,,0.0
2026-09-30T22:33:35Z,1000.3,37930.8,445.1,,,0.0,0.0,,,,,,0.0
2026-09-30T22:33:40Z,1005.3,37930.8,627.9,,,0.0,0.0,,,,,,0.0
2026-09-30T22:33:45Z,1010.3,37930.8,405.6,,,0.0,0.0,,,,,,0.0
2026-09-30T22:33:50Z,1015.3,37930.8,454.0,,,0.0,0.0,,,,,,0.0
2026-09-30T22:33:55Z,1020.3,37930.8,601.6,,,0.0,0.0,,,,,,0.0
2026-09-30T22:34:00Z,1025.3,37930.8,518.8,,,0.0,0.0,,,,,,0.0
2026-09-30T22:34:05Z,1030.3,37930.8,637.2,,,0.0,0.0,,,,,,0.0
2026-09-30T22:34:10Z,1035.3,37930.8,447.1,,,0.0,0.0,,,,,,0.0
2026-09-30T22:34:15Z,1040.3,37930.8,573.8,,,0.0,0.0,,,,,,0.0
2026-09-30T22:34:20Z,1045.3,37930.8,427.8,,,0.0,0.0,,,,,,0.0
2026-09-30T22:34:25Z,1050.3,37930.8,614.8,,,0.0,0.0,,,,,,0.0
2026-09-30T22:34:30Z,1055.4,37930.8,512.2,,,0.0,0.0,,,,,,0.0
2026-09-30T22:34:35Z,1060.4,37930.8,440.1,,,0.0,0.0,,,,,,0.0
2026-09-30T22:34:40Z,1065.4,37930.8,424.6,,,0.0,0.0,,,,,,0.0
2026-09-30T22:34:45Z,1070.4,37930.8,441.2,,,0.0,0.0,,,,,,0.0
2026-09-30T22:34:50Z,1075.4,37930.8,559.8,,,0.0,0.0,,,,,,0.0
2026-09-30T22:34:55Z,1080.4,37930.8,524.5,,,0.0,0.0,,,,,,0.0
2026-09-30T22:35:00Z,1085.4,37930.8,456.4,,,0.0,0.0,,,,,,0.0
2026-09-30T22:35:05Z,1090.4,37930.8,371.0,,,0.0,0.0,,,,,,0.0
2026-09-30T22:35:10Z,1095.4,37930.8,548.6,,,0.0,0.0,,,,,,0.0
2026-09-30T22:35:15Z,1100.4,37930.8,529.7,,,0.0,0.0,,,,,,0.0
2026-09-30T22:35:20Z,1105.4,37930.8,483.2,,,0.0,0.0,,,,,,0.0
2026-09-30T22:35:25Z,1110.4,37930.8,543.6,,,0.0,0.0,,,,,,0.0
2026-09-30T22:35:30Z,1115.4,37930.8,463.2,,,0.0,0.0,,,,,,0.0
2026-09-30T22:35:35Z,1120.4,37930.8,478.8,,,0.0,0.0,,,,,,0.0
2026-09-30T22:35:40Z,1125.4,37930.8,511.4,,,0.0,0.0,,,,,,0.0
2026-09-30T22:35:45Z,1130.4,37930.8,528.6,,,0.0,0.0,,,,,,0.0
2026-09-30T22:35:50Z,1135.4,37930.8,424.1,,,0.0,0.0,,,,,,0.0
2026-09-30T22:35:55Z,1140.4,37930.8,553.5,,,0.0,0.0,,,,,,0.0
2026-09-30T22:36:00Z,1145.4,37930.8,445.7,,,0.0,0.0,,,,,,0.0
2026-09-30T22:36:05Z,1150.4,37930.8,480.4,,,0.0,0.0,,,,,,0.0
2026-09-30T22:36:10Z,1155.4,37930.8,516.1,,,0.0,0.0,,,,,,0.0
2026-09-30T22:36:15Z,1160.4,37930.8,452.3,,,0.0,0.0,,,,,,0.0
2026-09-30T22:36:20Z,1165.4,37930.8,503.3,,,0.0,0.0,,,,,,0.0
2026-09-30T22:36:25Z,1170.4,37930.8,476.9,,,0.0,0.0,,,,,,0.0
2026-09-30T22:36:30Z,1175.4,37930.8,401.9,,,0.0,0.0,,,,,,0.0
2026-09-30T22:36:35Z,1180.4,37930.8,507.7,,,0.0,0.0,,,,,,0.0
2026-09-30T22:36:40Z,1185.4,37930.8,532.4,,,0.0,0.0,,,,,,0.0
2026-09-30T22:36:45Z,1190.4,37930.8,461.3,,,0.0,0.0,,,,,,0.0
2026-09-30T22:36:50Z,1195.4,37930.8,320.5,,,0.0,0.0,,,,,,0.0
2026-09-30T22:36:55Z,1200.4,37930.8,514.2,,,0.0,0.0,,,,,,0.0
2026-09-30T22:37:00Z,1205.4,37930.8,442.0,,,0.0,0.0,,,,,,0.0
2026-09-30T22:37:05Z,1210.4,37930.8,478.7,,,0.0,0.0,,,,,,0.0
2026-09-30T22:37:10Z,1215.4,37930.8,344.1,,,0.0,0.0,,,,,,0.0
2026-09-30T22:37:15Z,1220.4,37930.8,510.0,,,0.0,0.0,,,,,,0.0
2026-09-30T22:37:20Z,1225.4,37930.8,124.6,,,0.0,0.0,,,,,,0.0
2026-09-30T22:37:25Z,1230.4,37930.8,242.0,,,0.0,0.0,,,,,,0.0
2026-09-30T22:37:30Z,1235.4,37930.8,375.8,,,0.0,0.0,,,,,,0.0
2026-09-30T22:37:35Z,1240.4,37930.8,474.8,,,0.0,0.0,,,,,,0.0
2026-09-30T22:37:40Z,1245.4,37930.8,401.6,,,0.0,0.0,,,,,,0.0
2026-09-30T22:37:45Z,1250.4,37930.8,476.5,,,0.0,0.0,,,,,,0.0
2026-09-30T22:37:50Z,1255.4,37930.8,452.4,,,0.0,0.0,,,,,,0.0
2026-09-30T22:37:55Z,1260.4,37930.8,388.2,,,0.0,0.0,,,,,,0.0
2026-09-30T22:38:00Z,1265.4,37930.8,450.8,,,0.0,0.0,,,,,,0.0
2026-09-30T22:38:05Z,1270.4,37930.8,496.7,,,0.0,0.0,,,,,,0.0
2026-09-30T22:38:10Z,1275.4,37930.8,417.3,,,0.0,0.0,,,,,,0.0
2026-09-30T22:38:15Z,1280.4,37930.8,516.3,,,0.0,0.0,,,,,,0.0
2026-09-30T22:38:20Z,1285.4,37930.8,430.4,,,0.0,0.0,,,,,,0.0
2026-09-30T22:38:25Z,1290.4,37930.8,553.3,,,0.0,0.0,,,,,,0.0
2026-09-30T22:38:30Z,1295.4,37930.8,417.5,,,0.0,0.0,,,,,,0.0
2026-09-30T22:38:35Z,1300.4,37930.8,421.7,,,0.0,0.0,,,,,,0.0
2026-09-30T22:38:40Z,1305.4,37930.8,336.1,,,0.0,0.0,,,,,,0.0
2026-09-30T22:38:45Z,1310.4,37930.8,472.0,,,0.0,0.0,,,,,,0.0
2026-09-30T22:38:50Z,1315.4,37930.8,352.6,,,0.0,0.0,,,,,,0.0
2026-09-30T22:38:55Z,1320.4,37930.8,418.8,,,0.0,0.0,,,,,,0.0
2026-09-30T22:39:00Z,1325.4,37930.8,398.0,,,0.0,0.0,,,,,,0.0
2026-09-30T22:39:05Z,1330.4,37930.8,484.7,,,0.0,0.0,,,,,,0.0
2026-09-30T22:39:10Z,1335.4,37930.8,356.7,,,0.0,0.0,,,,,,0.0
2026-09-30T22:39:15Z,1340.4,37930.8,371.8,,,0.0,0.0,,,,,,0.0
2026-09-30T22:39:20Z,1345.4,37930.8,549.7,,,0.0,0.0,,,,,,0.0
2026-09-30T22:39:25Z,1350.4,37930.8,463.7,,,0.0,0.0,,,,,,0.0
2026-09-30T22:39:30Z,1355.4,37930.8,472.8,,,0.0,0.0,,,,,,0.0
2026-09-30T22:39:35Z,1360.4,37930.8,421.6,,,0.0,0.0,,,,,,0.0
2026-09-30T22:39:40Z,1365.4,37930.8,467.7,,,0.0,0.0,,,,,,0.0
2026-09-30T22:39:45Z,1370.4,37930.8,411.5,,,0.0,0.0,,,,,,0.0
2026-09-30T22:39:50Z,1375.5,37930.8,471.4,,,0.0,0.0,,,,,,0.0
2026-09-30T22:39:55Z,1380.5,37930.8,438.1,,,0.0,0.0,,,,,,0.0
2026-09-30T22:40:00Z,1385.5,37930.8,404.4,,,0.0,0.0,,,,,,0.0
2026-09-30T22:40:05Z,1390.5,37930.8,214.6,,,0.0,0.0,,,,,,0.0
2026-09-30T22:40:10Z,1395.5,37930.8,384.1,,,0.0,0.0,,,,,,0.0
2026-09-30T22:40:15Z,1400.5,37930.8,381.0,,,0.0,0.0,,,,,,0.0
2026-09-30T22:40:20Z,1405.5,37930.8,449.9,,,0.0,0.0,,,,,,0.0
2026-09-30T22:40:25Z,1410.5,37930.8,461.9,,,0.0,0.0,,,,,,0.0
2026-09-30T22:40:30Z,1415.5,37930.8,519.7,,,0.0,0.0,,,,,,0.0
2026-09-30T22:40:35Z,1420.5,37930.8,382.4,,,0.0,0.0,,,,,,0.0
2026-09-30T22:40:40Z,1425.5,37930.8,460.5,,,0.0,0.0,,,,,,0.0
2026-09-30T22:40:45Z,1430.5,37930.8,477.2,,,0.0,0.0,,,,,,0.0
2026-09-30T22:40:50Z,1435.5,37930.8,398.6,,,0.0,0.0,,,,,,0.0
2026-09-30T22:40:55Z,1440.5,37930.8,360.5,,,0.0,0.0,,,,,,0.0
2026-09-30T22:41:00Z,1445.5,37930.8,459.4,,,0.0,0.0,,,,,,0.0
2026-09-30T22:41:05Z,1450.5,37930.8,476.5,,,0.0,0.0,,,,,,0.0
2026-09-30T22:41:10Z,1455.5,37930.8,384.7,,,0.0,0.0,,,,,,0.0
2026-09-30T22:41:15Z,1460.5,37930.8,417.0,,,0.0,0.0,,,,,,0.0
2026-09-30T22:41:20Z,1465.5,37930.8,541.2,,,0.0,0.0,,,,,,0.0
2026-09-30T22:41:25Z,1470.5,37930.8,372.9,,,0.0,0.0,,,,,,0.0
2026-09-30T22:41:30Z,1475.5,37930.8,433.2,,,0.0,0.0,,,,,,0.0
2026-09-30T22:41:35Z,1480.5,37930.8,382.3,,,0.0,0.0,,,,,,0.0
2026-09-30T22:41:40Z,1485.5,37930.8,454.3,,,0.0,0.0,,,,,,0.0
2026-09-30T22:41:45Z,1490.5,37930.8,462.6,,,0.0,0.0,,,,,,0.0
2026-09-30T22:41:50Z,1495.5,37930.8,447.8,,,0.0,0.0,,,,,,0.0
2026-09-30T22:41:55Z,1500.5,37930.8,500.9,,,0.0,0.0,,,,,,0.0
2026-09-30T22:42:00Z,1505.5,37930.8,543.9,,,0.0,0.0,,,,,,0.0
2026-09-30T22:42:05Z,1510.5,37930.8,438.6,,,0.0,0.0,,,,,,0.0
2026-09-30T22:42:10Z,1515.5,37930.8,537.4,,,0.0,0.0,,,,,,0.0
2026-09-30T22:42:15Z,1520.5,37930.8,471.7,,,0.0,0.0,,,,,,0.0
2026-09-30T22:42:20Z,1525.5,37930.8,554.2,,,0.0,0.0,,,,,,0.0
2026-09-30T22:42:25Z,1530.5,37930.8,472.4,,,0.0,0.0,,,,,,0.0
2026-09-30T22:42:30Z,1535.5,37930.8,417.1,,,0.0,0.0,,,,,,0.0
2026-09-30T22:42:35Z,1540.5,37930.8,328.7,,,0.0,0.0,,,,,,0.0
2026-09-30T22:42:40Z,1545.5,37930.8,501.8,,,0.0,0.0,,,,,,0.0
2026-09-30T22:42:45Z,1550.5,37930.8,481.7,,,0.0,0.0,,,,,,0.0
2026-09-30T22:42:50Z,1555.5,37930.8,438.2,,,0.0,0.0,,,,,,0.0
2026-09-30T22:42:55Z,1560.5,37930.8,246.6,,,0.0,0.0,,,,,,0.0
2026-09-30T22:43:00Z,1565.5,37930.8,432.7,,,0.0,0.0,,,,,,0.0
2026-09-30T22:43:05Z,1570.6,37930.8,346.2,,,0.0,0.0,,,,,,0.0
2026-09-30T22:43:10Z,1575.6,37930.8,515.8,,,0.0,0.0,,,,,,0.0
2026-09-30T22:43:15Z,1580.6,37930.8,523.1,,,0.0,0.0,,,,,,0.0
2026-09-30T22:43:20Z,1585.6,37930.8,491.9,,,0.0,0.0,,,,,,0.0
2026-09-30T22:43:25Z,1590.6,37930.8,477.6,,,0.0,0.0,,,,,,0.0
2026-09-30T22:43:30Z,1595.6,37930.8,401.6,,,0.0,0.0,,,,,,0.0
2026-09-30T22:43:35Z,1600.6,37930.8,552.1,,,0.0,0.0,,,,,,0.0
2026-09-30T22:43:40Z,1605.6,37930.8,522.2,,,0.0,0.0,,,,,,0.0
2026-09-30T22:43:45Z,1610.6,37930.8,483.6,,,0.0,0.0,,,,,,0.0
2026-09-30T22:43:50Z,1615.6,37930.8,427.6,,,0.0,0.0,,,,,,0.0
2026-09-30T22:43:55Z,1620.6,37930.8,440.4,,,0.0,0.0,,,,,,0.0
2026-09-30T22:44:00Z,1625.6,37930.8,315.6,,,0.0,0.0,,,,,,0.0
2026-09-30T22:44:05Z,1630.6,37930.8,600.7,,,0.0,0.0,,,,,,0.0
2026-09-30T22:44:10Z,1635.6,37930.8,444.3,,,0.0,0.0,,,,,,0.0
2026-09-30T22:44:15Z,1640.6,37930.8,524.4,,,0.0,0.0,,,,,,0.0
2026-09-30T22:44:20Z,1645.6,37930.8,465.2,,,0.0,0.0,,,,,,0.0
2026-09-30T22:44:25Z,1650.6,37930.8,430.8,,,0.0,0.0,,,,,,0.0
2026-09-30T22:44:31Z,1655.6,37930.8,476.9,,,0.0,0.0,,,,,,0.0
2026-09-30T22:44:36Z,1660.6,37930.8,501.9,,,0.0,0.0,,,,,,0.0
2026-09-30T22:44:41Z,1665.6,37930.8,457.2,,,0.0,0.0,,,,,,0.0
2026-09-30T22:44:46Z,1670.6,37930.8,478.8,,,0.0,0.0,,,,,,0.0
2026-09-30T22:44:51Z,1675.6,37930.8,523.3,,,0.0,0.0,,,,,,0.0
2026-09-30T22:44:56Z,1680.6,37930.8,540.7,,,0.0,0.0,,,,,,0.0
2026-09-30T22:45:01Z,1685.6,37930.8,431.7,,,0.0,0.0,,,,,,0.0
2026-09-30T22:45:06Z,1690.6,37930.8,606.6,,,0.0,0.0,,,,,,0.0
2026-09-30T22:45:11Z,1695.6,37930.8,355.8,,,0.0,0.0,,,,,,0.0
2026-09-30T22:45:16Z,1700.6,37930.8,462.9,,,0.0,0.0,,,,,,0.0
2026-09-30T22:45:21Z,1705.6,37930.8,372.5,,,0.0,0.0,,,,,,0.0
2026-09-30T22:45:26Z,1710.6,37930.8,529.4,,,0.0,0.0,,,,,,0.0
2026-09-30T22:45:31Z,1715.6,37930.8,381.1,,,0.0,0.0,,,,,,0.0
2026-09-30T22:45:36Z,1720.6,37930.8,483.4,,,0.0,0.0,,,,,,0.0
2026-09-30T22:45:41Z,1725.6,37930.8,383.7,,,0.0,0.0,,,,,,0.0
2026-09-30T22:45:46Z,1730.6,37930.8,443.6,,,0.0,0.0,,,,,,0.0
2026-09-30T22:45:51Z,1735.6,37930.8,469.8,,,0.0,0.0,,,,,,0.0
2026-09-30T22:45:56Z,1740.6,37930.8,530.5,,,0.0,0.0,,,,,,0.0
2026-09-30T22:46:01Z,1745.6,37930.8,353.1,,,0.0,0.0,,,,,,0.0
2026-09-30T22:46:06Z,1750.6,37930.8,423.6,,,0.0,0.0,,,,,,0.0
2026-09-30T22:46:11Z,1755.6,37930.8,301.6,,,0.0,0.0,,,,,,0.0
2026-09-30T22:46:16Z,1760.6,37930.8,561.0,,,0.0,0.0,,,,,,0.0
2026-09-30T22:46:21Z,1765.6,37930.8,413.4,,,0.0,0.0,,,,,,0.0
2026-09-30T22:46:26Z,1770.7,37930.8,609.0,,,0.0,0.0,,,,,,0.0
2026-09-30T22:46:31Z,1775.7,37930.8,384.4,,,0.0,0.0,,,,,,0.0
2026-09-30T22:46:36Z,1780.7,37930.8,612.1,,,0.0,0.0,,,,,,0.0
2026-09-30T22:46:41Z,1785.7,37930.8,617.8,,,0.0,0.0,,,,,,0.0
2026-09-30T22:46:46Z,1790.7,37930.8,366.6,,,0.0,0.0,,,,,,0.0
2026-09-30T22:46:51Z,1795.7,37930.8,529.4,,,0.0,0.0,,,,,,0.0
2026-09-30T22:46:56Z,1800.7,37930.8,488.7,,,0.0,0.0,,,,,,0.0
2026-09-30T22:47:01Z,1805.7,37930.8,508.1,,,0.0,0.0,,,,,,0.0
2026-09-30T22:47:06Z,1810.7,37930.8,484.4,,,0.0,0.0,,,,,,0.0
2026-09-30T22:47:11Z,1815.7,37930.8,360.3,,,0.0,0.0,,,,,,0.0
2026-09-30T22:47:16Z,1820.7,37930.8,607.2,,,0.0,0.0,,,,,,0.0
2026-09-30T22:47:21Z,1825.7,37930.8,428.5,,,0.0,0.0,,,,,,0.0
2026-09-30T22:47:26Z,1830.7,37930.8,504.7,,,0.0,0.0,,,,,,0.0
2026-09-30T22:47:31Z,1835.7,37930.8,538.2,,,0.0,0.0,,,,,,0.0
2026-09-30T22:47:36Z,1840.7,37930.8,487.9,,,0.0,0.0,,,,,,0.0
2026-09-30T22:47:41Z,1845.7,37930.8,436.2,,,0.0,0.0,,,,,,0.0
2026-09-30T22:47:46Z,1850.7,37930.8,420.1,,,0.0,0.0,,,,,,0.0
2026-09-30T22:47:51Z,1855.7,37930.8,443.2,,,0.0,0.0,,,,,,0.0
2026-09-30T22:47:56Z,1860.7,37930.8,534.2,,,0.0,0.0,,,,,,0.0
2026-09-30T22:48:01Z,1865.7,37930.8,523.4,,,0.0,0.0,,,,,,0.0
2026-09-30T22:48:06Z,1870.7,37930.8,488.6,,,0.0,0.0,,,,,,0.0
2026-09-30T22:48:11Z,1875.7,37930.8,626.2,,,0.0,0.0,,,,,,0.0
2026-09-30T22:48:16Z,1880.7,37930.8,492.1,,,0.0,0.0,,,,,,0.0
2026-09-30T22:48:21Z,1885.7,37930.8,589.6,,,0.0,0.0,,,,,,0.0
2026-09-30T22:48:26Z,1890.7,37930.8,350.5,,,0.0,0.0,,,,,,0.0
2026-09-30T22:48:31Z,1895.7,37930.8,304.6,,,0.0,0.0,,,,,,0.0
2026-09-30T22:48:36Z,1900.7,37930.8,448.1,,,0.0,0.0,,,,,,0.0
2026-09-30T22:48:41Z,1905.7,37930.8,465.1,,,0.0,0.0,,,,,,0.0
2026-09-30T22:48:46Z,1910.7,37930.8,532.9,,,0.0,0.0,,,,,,0.0
2026-09-30T22:48:51Z,1915.7,37930.8,512.6,,,0.0,0.0,,,,,,0.0
2026-09-30T22:48:56Z,1920.7,37930.8,419.2,,,0.0,0.0,,,,,,0.0
2026-09-30T22:49:01Z,1925.7,37930.8,567.5,,,0.0,0.0,,,,,,0.0
2026-09-30T22:49:06Z,1930.7,37930.8,516.5,,,0.0,0.0,,,,,,0.0
2026-09-30T22:49:11Z,1935.7,37930.8,349.8,,,0.0,0.0,,,,,,0.0
2026-09-30T22:49:16Z,1940.7,37930.8,2693.4,,,0.0,0.0,,,,,,0.0
